0.2
0.64
0.9216
0.2890138
0.8219392
0.5854205
0.9708133
0.1133392
0.4019738
0.9615635
0.1478366
0.5039236
0.9999384
0.0002463048
0.0009849765
0.003936025
0.01568213
0.06174481
0.2317295
0.7121239
0.8200139
0.5903645
0.967337
0.1263844
0.4416454
0.986379
0.05374198
0.2034151
0.6481496
0.9122067
0.3203424
0.8708926
0.4497546
0.9899016
0.03998564
0.1535472
0.5198817
0.9984189
0.006314507
0.02509854
0.0978744
0.35318
0.9137756
0.3151591
0.8633354
0.4719497
0.9968527
0.01254952
0.04956813
0.1884445
0.6117327
0.9500632
0.1897724
0.6150354
0.9470674
0.200523
0.6412541
0.9201891
0.2937644
0.8298675
0.5647497
0.9832299
0.06595543
0.2464212
0.7427912
0.7642096
0.7207731
0.805037
0.6278097
0.9346587
0.2442872
0.7384438
0.7725783
0.7028043
0.8354816
0.5498083
0.9900765
0.03929996
0.1510219
0.5128571
0.9993388
0.002643123
0.01054455
0.04173344
0.159967
0.5375103
0.9943719
0.02238568
0.08753825
0.3195012
0.8696808
0.4533445
0.9912931
0.03452453
0.1333303
0.4622134
0.9942887
0.02271471
0.088795
0.3236418
0.8755911
0.4357252
0.983475
0.06500767
0.2431267
0.7360644
0.7770944
0.6928749
0.8511972
0.5066422
0.9998235
0.0007057762
0.002821112
0.01125261
0.04450397
0.1700935
0.5646468
0.9832832
0.06574943
0.2457058
0.7413378
0.7670243
0.7147922
0.8154573
0.6019468
0.9584274
0.1593772
0.5359045
0.9948435
0.02051976
0.0803948
0.2957259
0.8330884
0.5562086
0.9873624
0.04991163
0.1896818
0.6148105
0.9472742
0.1997833
0.6394796
0.9221817
0.2870503
0.8186097
0.5939515
0.9646925
0.1362436
0.4707253
0.996572
0.01366517
0.05391372
0.2040281
0.6496026
0.9104762
0.326037
0.8789475
0.4255951
0.9778556
0.08661593
0.3164544
0.8652441
0.466387
0.9954807
0.01799567
0.07068731
0.2627625
0.7748734
0.6977784
0.8435348
0.5279355
0.9968784
0.01244728
0.04916939
0.187007
0.6081416
0.9532215
0.1783609
0.5861932
0.9702829
0.1153359
0.408134
0.9662425
0.1304716
0.453795
0.9914604
0.03386676
0.1308792
0.4549993
0.9918998
0.03213848
0.1244224
0.4357659
0.9834959
0.06492682
0.2428453
0.7354859
0.7781856
0.6904511
0.8549136
0.4961454
0.9999406
0.0002377103
0.0009506153
0.003798846
0.01513766
0.05963405
0.2243113
0.695983
0.8463627
0.5201316
0.9983789
0.006473987
0.0257283
0.1002654
0.360849
0.922548
0.2858126
0.8164951
0.5993235
0.9605394
0.1516139
0.5145086
0.999158
0.003365154
0.01341532
0.05294139
0.2005544
0.6413293
0.9201041
0.2940501
0.8303385
0.5635059
0.983868
0.06348704
0.2378257
0.7250586
0.7973945
0.6462261
0.9144717
0.3128529
0.8599038
0.481877
0.9986862
0.005248166
0.02088249
0.08178564
0.300387
0.8406186
0.5359158
0.9948402
0.02053265
0.08044425
0.2958919
0.8333595
0.5554857
0.9876854
0.04865196
0.1851398
0.6034522
0.9571906
0.1639071
0.5481662
0.9907201
0.03677527
0.1416914
0.4864598
0.9992666
0.002931262
0.01169068
0.04621603
0.1763204
0.5809262
0.9738038
0.1020398
0.3665107
0.9287224
0.2647883
0.7787018
0.6893013
0.85666
0.4911745
0.9996884
0.001245835
0.004977132
0.01980944
0.0776681
0.2865431
0.8177446
0.5961536
0.9630179
0.1424575
0.4886535
0.999485
0.002058811
0.008218289
0.03260299
0.1261602
0.4409751
0.9860642
0.05496625
0.2077798
0.6584295
0.8996004
0.3612781
0.923025
0.2841995
0.8137205
0.6063178
0.9547861
0.1726784
0.5714422
0.979584
0.07999661
0.2943886
0.8308958
0.5620318
0.9846082
0.06061942
0.2277788
0.7035825
0.8342166
0.553197
0.9886803
0.04476612
0.1710485
0.5671635
0.9819562
0.0708727
0.263399
0.7760799
0.6951195
0.8477135
0.5163813
0.9989266
0.004288952
0.01708223
0.06716171
0.250604
0.7512066
0.7475809
0.7548147
0.7402778
0.7690663
0.7104133
0.822905
0.5829293
0.9724909
0.1070093
0.3822334
0.9445241
0.2095933
0.6626558
0.8941724
0.3785125
0.9409631
0.2222062
0.6913223
0.8535831
0.499916
1
1.128312e-07
4.513249e-07
1.805299e-06
7.221182e-06
2.888452e-05
0.0001155347
0.0004620856
0.001847488
0.0073763
0.02928756
0.1137192
0.4031486
0.9624792
0.144452
0.4943425
0.999872
0.0005120558
0.002047174
0.008171934
0.03242061
0.1254781
0.4389333
0.9850834
0.05877627
0.2212865
0.6892751
0.8566997
0.4910612
0.9996804
0.00127803
0.005105587
0.02031808
0.07962102
0.2931261
0.8288127
0.5675288
0.9817594
0.07163142
0.2660014
0.7809787
0.6842039
0.8642757
0.4692129
0.9962086
0.01510806
0.05951924
0.2239068
0.6950902
0.8477593
0.5162539
0.9989432
0.004222561
0.01681893
0.0661442
0.2470766
0.7441189
0.7616238
0.726212
0.7953125
0.6511622
0.9086
0.3321841
0.8873514
0.3998357
0.9598685
0.154084
0.5213684
0.9981736
0.007292385
0.02895682
0.1124733
0.3992922
0.9594318
0.1556897
0.5258018
0.9973371
0.01062334
0.04204193
0.1610976
0.5405808
0.9934128
0.0261752
0.1019602
0.3662573
0.9284516
0.2657169
0.7804458
0.6854006
0.8625065
0.4743562
0.9973696
0.01049396
0.04153536
0.1592407
0.5355324
0.9949498
0.02009884
0.07877949
0.2902931
0.8240921
0.5798572
0.9744913
0.09943206
0.3581813
0.9195498
0.2959118
0.8333921
0.5553989
0.9877238
0.04850186
0.1845977
0.6020856
0.9583141
0.1597927
0.5370361
0.9945133
0.02182634
0.08539979
0.3124266
0.8592649
0.4837148
0.9989392
0.004238831
0.01688345
0.06639361
0.247942
0.745867
0.7581976
0.733336
0.7822173
0.6814136
0.8683564
0.4572542
0.9926912
0.02902155
0.1127172
0.4000482
0.9600385
0.1534582
0.5196351
0.9984578
0.006159094
0.02448464
0.09554056
0.3456502
0.9047046
0.3448568
0.9037223
0.3480332
0.9076244
0.3353693
0.8915869
0.3866387
0.9485968
0.1950435
0.6280062
0.9344577
0.2449861
0.7398717
0.7698464
0.7087318
0.8257242
0.5756151
0.9771294
0.08938996
0.3255976
0.8783352
0.4274499
0.9789459
0.0824432
0.3025853
0.8441097
0.5263541
0.9972218
0.01108173
0.04383571
0.1676566
0.5581913
0.9864551
0.05344584
0.2023575
0.6456358
0.9151608
0.310566
0.8564591
0.4917478
0.9997276
0.001089297
0.00435244
0.01733399
0.06813407
0.2539673
0.7578716
0.7340089
0.7809593
0.6842475
0.8642115
0.4694
0.9962546
0.01492568
0.0588116
0.2214112
0.6895531
0.8562785
0.4922625
0.9997605
0.0009576639
0.003826987
0.01524937
0.06006729
0.2258368
0.6993382
0.8410571
0.5347203
0.995178
0.01919498
0.07530611
0.2785404
0.8038226
0.6307673
0.9315996
0.254887
0.7596784
0.7302685
0.7879057
0.6684412
0.8865103
0.4024392
0.9619276
0.1464917
0.5001274
0.9999999
2.597163e-07
1.038865e-06
4.155455e-06
1.662175e-05
6.64859e-05
0.0002659259
0.001063421
0.00424916
0.01692442
0.06655193
0.2484911
0.746973
0.7560173
0.7378206
0.7737655
0.7002099
0.839664
0.5385135
0.9940668
0.02359184
0.09214104
0.3346043
0.890577
0.3897984
0.9514224
0.1848713
0.6027757
0.9577487
0.1618647
0.542658
0.9927212
0.02890337
0.1122718
0.3986675
0.9589269
0.1575443
0.5308965
0.9961816
0.01521515
0.05993461
0.2253698
0.698313
0.8426878
0.5302604
0.9963372
0.01459736
0.05753711
0.2169064
0.679432
0.8712167
0.4487927
0.9895112
0.04151495
0.1591658
0.5353283
0.9950077
0.01986969
0.07789953
0.2873248
0.819077
0.5927596
0.9655827
0.1329311
0.4610418
0.993929
0.02413642
0.09421541
0.3413555
0.8993276
0.3621498
0.9239892
0.2809325
0.8080377
0.620451
0.9419662
0.2186634
0.6833988
0.8654596
0.4657572
0.9953097
0.01867311
0.07329769
0.2717006
0.7915175
0.6600702
0.8975101
0.367943
0.9302438
0.2595612
0.7687567
0.7110794
0.821782
0.5858253
0.9705361
0.1143833
0.405199
0.9640511
0.1386263
0.4776361
0.9979994
0.007986317
0.03169014
0.1227435
0.4307102
0.9807957
0.07534205
0.2786625
0.8040389
0.6302415
0.9321486
0.2529903
0.7559448
0.7379691
0.7734828
0.7008286
0.8386715
0.5412064
0.9932081
0.02698296
0.1050195
0.3759617
0.938458
0.2310183
0.7105954
0.8225983
0.5837215
0.9719629
0.1090042
0.3884891
0.9502613
0.1890591
0.613263
0.9486859
0.1947237
0.6272255
0.9352546
0.2422136
0.7341847
0.7806302
0.6849868
0.8631196
0.4725767
0.9969919
0.01199638
0.04740986
0.1806487
0.5920589
0.9661006
0.1310007
0.4553582
0.9920284
0.03163208
0.122526
0.4300535
0.9804299
0.07674836
0.2834322
0.8123935
0.6096411
0.9519153
0.1830903
0.5982729
0.9613698
0.1485517
0.5059364
0.999859
0.000563773
0.002253821
0.008994964
0.03565622
0.1375394
0.4744893
0.9973968
0.01038563
0.04111106
0.1576838
0.5312784
0.9960866
0.01559216
0.06139616
0.2305067
0.7094934
0.82445
0.5789288
0.975081
0.09719233
0.3509839
0.9111768
0.3237345
0.8757219
0.4353323
0.9832724
0.06579127
0.2458511
0.7416334
0.7664533
0.7160106
0.8133577
0.6072279
0.9540087
0.1755044
0.5788105
0.9751556
0.09690863
0.3500694
0.9100833
0.3273269
0.8807359
0.4201606
0.9745027
0.0993889
0.358043
0.9193928
0.2964386
0.8342511
0.5531049
0.9887195
0.04461304
0.1704909
0.5656949
0.9827367
0.06786103
0.2530236
0.7560107
0.737834
0.7737399
0.7002659
0.8395743
0.5387572
0.9939915
0.02388948
0.0932751
0.3382994
0.8954117
0.3745983
0.9370977
0.2357824
0.7207563
0.8050666
0.6277375
0.9347326
0.2440304
0.7379182
0.7735797
0.7006166
0.8390119
0.5402836
0.9935089
0.02579575
0.1005213
0.3616672
0.9234561
0.2827397
0.8111919
0.6126385
0.9492503
0.1926968
0.6222589
0.9402111
0.2248568
0.6971848
0.8444726
0.5253546
0.9974286
0.0102592
0.04061581
0.1558647
0.5262835
0.9972367
0.01102262
0.04360448
0.1668125
0.5559444
0.9874809
0.0494495
0.188017
0.6106664
0.9510118
0.1863536
0.6065037
0.9546278
0.1732541
0.5729484
0.9787141
0.08333116
0.3055483
0.8487542
0.5134822
0.9992729
0.002906188
0.01159097
0.04582647
0.1749056
0.5772546
0.9761269
0.09321265
0.3380962
0.8951487
0.3754302
0.9379294
0.2328712
0.7145689
0.8158408
0.6009785
0.9592134
0.1564922
0.5280097
0.9968618
0.01251326
0.04942671
0.1879348
0.6104613
0.9511932
0.1856988
0.604859
0.9560183
0.1681891
0.5596061
0.9857884
0.05603838
0.2115923
0.667284
0.8880642
0.3976246
0.9580771
0.1606614
0.5393974
0.9937914
0.02468025
0.09628455
0.3480553
0.9076513
0.3352818
0.8914716
0.3869999
0.9489239
0.1938693
0.625136
0.9373639
0.2348513
0.7187847
0.808533
0.6192295
0.9431373
0.2145173
0.6739984
0.8788982
0.4257446
0.9779446
0.086276
0.3153298
0.8635877
0.4712159
0.9966859
0.01321243
0.05215145
0.1977267
0.6345234
0.9276138
0.2685857
0.7857898
0.6732968
0.8798729
0.4227864
0.9761523
0.09311612
0.337782
0.8947413
0.3767171
0.9392053
0.2283948
0.7049225
0.8320271
0.5590319
0.9860609
0.05497906
0.2078254
0.6585361
0.8994652
0.3617102
0.9235038
0.2825782
0.8109111
0.6133371
0.9486188
0.1949647
0.6278138
0.9346545
0.2443019
0.738474
0.7725206
0.70293
0.8352776
0.5503557
0.9898572
0.04015968
0.1541875
0.521655
0.9981243
0.00748892
0.02973135
0.1153896
0.4082993
0.9663639
0.1300188
0.4524557
0.9909582
0.03584034
0.1382233
0.4764704
0.9977854
0.008838689
0.03504227
0.1352572
0.4678508
0.9958657
0.01646874
0.06479009
0.2423693
0.7345058
0.7800282
0.6863368
0.8611143
0.4783858
0.9981313
0.007460808
0.02962058
0.1149728
0.4070162
0.9654161
0.1335515
0.4628621
0.9944831
0.02194587
0.08585699
0.3139423
0.8615301
0.477184
0.9979177
0.008311784
0.03297079
0.1275349
0.4450789
0.9879347
0.04767887
0.1816224
0.5945428
0.9642467
0.1379002
0.4755348
0.9976058
0.00955378
0.03785002
0.1456696
0.4977998
0.9999806
7.745032e-05
0.0003097773
0.001238725
0.004948763
0.01969709
0.07723646
0.285084
0.8152444
0.6024839
0.9579882
0.1609871
0.5402811
0.9935097
0.02579255
0.1005092
0.3616283
0.9234131
0.2828855
0.8114451
0.6120077
0.9498171
0.1906583
0.617231
0.9450276
0.2078018
0.6584807
0.8995354
0.3614858
0.9232553
0.2834199
0.8123722
0.6096945
0.9518685
0.1832595
0.5987018
0.9610318
0.1497987
0.5094362
0.9996438
0.001424177
0.005688595
0.02262494
0.0884522
0.3225136
0.8739944
0.4405128
0.9858451
0.05581815
0.2108099
0.6654764
0.8904702
0.3901321
0.9517162
0.18381
0.6000956
0.9599235
0.1538815
0.5208078
0.9982681
0.006915466
0.02747057
0.1068637
0.3817755
0.9440919
0.2111295
0.6662154
0.8894898
0.3931908
0.9543672
0.1742017
0.5754219
0.9772461
0.08894448
0.3241335
0.8762838
0.4336419
0.9823864
0.06921335
0.2576914
0.7651463
0.7187898
0.808524
0.6192517
0.9431161
0.2145923
0.6741699
0.8786594
0.4264681
0.9783723
0.08463991
0.309904
0.855454
0.4946097
0.9998838
0.0004648235
0.00185843
0.007419904
0.0294594
0.1143662
0.4051462
0.964011
0.1387751
0.4780664
0.9980757
0.007682508
0.03049395
0.1182563
0.4170869
0.9725017
0.1069687
0.3821055
0.9444035
0.2100221
0.6636513
0.892873
0.3826031
0.9448719
0.208356
0.659775
0.8978878
0.3667412
0.9289684
0.2639445
0.7771113
0.6928374
0.851255
0.5064798
0.999832
0.0006716959
0.002684979
0.01071108
0.04238541
0.1623556
0.5439849
0.9922613
0.0307152
0.1190871
0.4196214
0.9741571
0.1007
0.3622382
0.9240867
0.2806019
0.8074579
0.6218785
0.9405825
0.2235483
0.6942978
0.8489935
0.5128142
0.9993432
0.002625529
0.01047454
0.04145931
0.1589618
0.5347717
0.9951637
0.01925153
0.07552365
0.2792793
0.8051295
0.627584
0.9348893
0.2434851
0.7368005
0.7757021
0.6959535
0.8464089
0.5200034
0.9983995
0.006391928
0.02540429
0.09903564
0.3569103
0.9181014
0.300765
0.8412216
0.5342712
0.9953019
0.01870393
0.07341635
0.2721056
0.7922565
0.6583445
0.8997081
0.3609338
0.9226424
0.2854936
0.8159481
0.6007072
0.9594322
0.1556882
0.5257974
0.997338
0.01061975
0.0420279
0.1610462
0.5404414
0.993458
0.02599687
0.1012841
0.3641026
0.9261275
0.2736612
0.7950831
0.6517039
0.9079437
0.3343278
0.8902109
0.390942
0.9524254
0.1812451
0.5935813
0.9649702
0.135211
0.4677159
0.9958309
0.01660671
0.0653237
0.2442261
0.7383188
0.7728166
0.7022843
0.8363242
0.547544
0.9909583
0.03583995
0.1382218
0.4764662
0.9977846
0.008841841
0.03505465
0.1353033
0.4679852
0.9959002
0.01633188
0.06426059
0.2405247
0.7306902
0.7871282
0.6702296
0.8840875
0.4099072
0.9675332
0.125651
0.4394513
0.9853354
0.05779813
0.21783
0.6815204
0.8682014
0.4577109
0.9928465
0.0284092
0.1104085
0.3928737
0.9540958
0.1751878
0.5779882
0.9756713
0.09494712
0.3437287
0.9023171
0.3525639
0.9130503
0.3175577
0.8668592
0.4616572
0.9941193
0.02338441
0.09135031
0.3320217
0.8871332
0.4005116
0.9604082
0.1520972
0.5158545
0.9989945
0.004017803
0.01600664
0.06300171
0.23613
0.7214905
0.8037679
0.6309003
0.9314605
0.2553674
0.7606195
0.7283099
0.7914983
0.660115
0.8974527
0.3681253
0.9304362
0.2588987
0.7674806
0.7138165
0.8171301
0.597714
0.9618079
0.146934
0.5013775
0.9999924
3.036048e-05
0.0001214382
0.0004856939
0.001941832
0.007752245
0.03076859
0.1192875
0.4202321
0.9745483
0.09921553
0.3574872
0.9187604
0.2985588
0.8376858
0.5438733
0.9923006
0.03056067
0.1185069
0.417852
0.9730068
0.1050582
0.376084
0.9385793
0.2305929
0.7096792
0.8241386
0.5797367
0.9745682
0.09913996
0.3572449
0.9184839
0.2994848
0.8391746
0.5398423
0.9936504
0.02523722
0.09840122
0.3548737
0.9157534
0.3085965
0.8534587
0.5002677
0.9999997
1.14636e-06
4.585436e-06
1.834166e-05
7.336529e-05
0.0002934396
0.001173414
0.004688149
0.01866468
0.07326524
0.2715898
0.7913151
0.6605421
0.8969049
0.3698659
0.9322604
0.2526037
0.7551802
0.7395323
0.7704972
0.7073251
0.8280651
0.5694931
0.9806829
0.07577595
0.2801358
0.806639
0.6238902
0.9386049
0.2305031
0.7094857
0.824463
0.5788951
0.9751022
0.09711147
0.3507233
0.9108659
0.3247568
0.8771593
0.4310035
0.9809579
0.07471791
0.2765406
0.8002636
0.6393672
0.9223071
0.2866267
0.8178874
0.5957904
0.9632968
0.1414243
0.4856938
0.9991813
0.003271982
0.0130451
0.05149971
0.19539
0.6288509
0.9335898
0.2479996
0.7459833
0.7579689
0.7338082
0.781335
0.6834025
0.8654541
0.4657733
0.9953141
0.01865564
0.07323042
0.2714709
0.7910978
0.6610483
0.8962538
0.3719317
0.9343941
0.2452071
0.7403224
0.7689806
0.7105978
0.8225943
0.5837317
0.971956
0.1090302
0.3885704
0.9503338
0.1887978
0.6126129
0.9492734
0.1926137
0.6220547
0.9404106
0.2241541
0.6956361
0.8469061
0.5186245
0.9986125
0.00554226
0.02204617
0.08624056
0.3152125
0.8634143
0.4717201
0.996801
0.01275507
0.05036952
0.1913297
0.6188906
