0
0
0.03198417
0.05754184
0.1003265
0.1443761
0.1990824
0.2576741
0.3237434
0.3942939
0.4705707
0.5511387
0.6363035
0.725285
0.8180223
0.9140188
1.013079
1.114837
1.219056
1.325437
1.433739
1.543701
1.655094
1.767683
1.881253
1.995594
2.110504
2.225791
2.341271
2.456768
2.572113
2.687145
2.801711
2.915664
3.028864
3.141178
3.252479
3.362647
3.471568
3.579135
3.685244
3.789801
3.892714
3.993899
4.093275
4.190771
4.286315
4.379845
4.471301
4.560631
4.647784
4.732717
4.815389
4.895765
4.973814
5.049509
5.122828
5.193752
5.262265
5.328358
5.392022
5.453254
5.512053
5.568423
5.62237
5.673902
5.723033
5.769777
5.814152
5.856179
5.895881
5.933282
5.968411
6.001297
6.031972
6.06047
6.086825
6.111076
6.133261
6.15342
6.171594
6.187827
6.202161
6.214642
6.225316
6.234229
6.241429
6.246962
6.250878
6.253226
6.254053
6.253411
6.251348
6.247915
6.243159
6.237132
6.229883
6.22146
6.211912
6.201289
6.189637
6.177006
6.163441
6.14899
6.133699
6.117612
6.100774
6.083229
6.06502
6.04619
6.026779
6.006828
5.986377
5.965464
5.944127
5.922403
5.900327
5.877935
5.85526
5.832335
5.809192
5.785862
5.762373
5.738756
5.715038
5.691245
5.667403
5.643538
5.619672
5.595829
5.572031
5.548297
5.524649
5.501105
5.477684
5.454402
5.431276
5.408322
5.385554
5.362985
5.34063
5.3185
5.296607
5.274961
5.253574
5.232453
5.211608
5.191048
5.170778
5.150807
5.131141
5.111785
5.092745
5.074024
5.055629
5.037561
5.019825
5.002423
4.985358
4.968632
4.952247
4.936204
4.920503
4.905146
4.890134
4.875466
4.861142
4.847162
4.833526
4.820233
4.807281
4.79467
4.782399
4.770466
4.758869
4.747608
4.736679
4.726083
4.715816
4.705877
4.696264
4.686974
4.678006
4.669358
4.661028
4.653013
4.645311
4.637921
4.630841
4.624068
4.6176
4.611437
4.605575
4.600013
4.59475
4.589784
4.585113
4.580736
4.576652
4.572859
4.569356
4.566143
4.563218
4.56058
4.558229
4.556165
4.554386
4.552892
4.551684
4.550761
4.550123
4.549771
4.549704
4.549923
4.550429
4.551223
4.552305
4.553676
4.555337
4.55729
4.559536
4.562076
4.564913
4.568047
4.571481
4.575216
4.579255
4.5836
4.588253
4.593217
4.598494
4.604087
4.609997
4.616229
4.622785
4.629667
4.636879
4.644424
4.652305
4.660524
4.669086
4.677992
4.687247
4.696852
4.706812
4.71713
4.727807
4.738848
4.750255
4.762031
4.774179
4.786701
4.7996
4.812877
4.826536
4.840578
4.855005
4.869818
4.885018
4.900607
4.916586
4.932955
4.949713
4.966861
4.984398
5.002324
5.020636
5.039333
5.058412
5.077871
5.097706
5.117914
5.13849
5.159429
5.180725
5.202372
5.224362
5.246689
5.269344
5.292317
5.315599
5.339178
5.363044
5.387183
5.411582
5.436227
5.461102
5.486192
5.511479
5.536945
5.56257
5.588335
5.614218
5.640196
5.666246
5.692344
5.718463
5.744576
5.770656
5.796673
5.822596
5.848394
5.874035
5.899484
5.924706
5.949664
5.974322
5.998641
6.022581
6.0461
6.069158
6.09171
6.113713
6.135122
6.15589
6.17597
6.195315
6.213875
6.2316
6.24844
6.264343
6.279258
6.293131
6.305909
6.317539
6.327966
6.337135
6.344991
6.35148
6.356546
6.360133
6.362185
6.362649
6.361467
6.358585
6.35395
6.347505
6.339199
6.328978
6.31679
6.302583
6.286308
6.267914
6.247354
6.224582
6.199551
6.172217
6.142539
6.110475
6.075986
6.039036
5.99959
5.957615
5.913079
5.865956
5.816217
5.763841
5.708806
5.651094
5.590689
5.527578
5.461752
5.393203
5.321928
5.247926
5.171199
5.091752
5.009594
4.924736
4.837195
4.746989
4.654138
4.558669
4.46061
4.359993
4.256852
4.151227
4.043158
3.932692
3.819877
3.704763
3.587406
3.467863
3.346195
3.222467
3.096743
2.969095
2.839594
2.708316
2.575337
2.440737
2.304599
2.167006
2.028046
1.887807
1.746379
1.603855
1.460327
1.31589
1.170642
1.024679
0.8781002
0.7310044
0.5834918
0.4356628
0.2876183
0.1394595
-0.008712365
-0.1567963
-0.3046914
-0.4522972
-0.5995137
-0.7462418
-0.892383
-1.03784
-1.182516
-1.326317
-1.46915
-1.610921
-1.751541
-1.890921
-2.028976
-2.165619
-2.30077
-2.434348
-2.566275
-2.696477
-2.824881
-2.951417
-3.076018
-3.198619
-3.31916
-3.437581
-3.553828
-3.667847
-3.77959
-3.88901
-3.996064
-4.100712
-4.202919
-4.302649
-4.399874
-4.494565
-4.5867
-4.676257
-4.763219
-4.847571
-4.929303
-5.008406
-5.084875
-5.158708
-5.229906
-5.298471
-5.364412
-5.427736
-5.488456
-5.546586
-5.602144
-5.655148
-5.70562
-5.753586
-5.79907
-5.842101
-5.88271
-5.92093
-5.956794
-5.990338
-6.0216
-6.050619
-6.077436
-6.102093
-6.124632
-6.145099
-6.163538
-6.179997
-6.194522
-6.207161
-6.217964
-6.22698
-6.234258
-6.23985
-6.243805
-6.246174
-6.24701
-6.246362
-6.244283
-6.240823
-6.236033
-6.229965
-6.222669
-6.214195
-6.204594
-6.193915
-6.182206
-6.169516
-6.155894
-6.141386
-6.126039
-6.109898
-6.093009
-6.075416
-6.057162
-6.03829
-6.018842
-5.998858
-5.978377
-5.95744
-5.936083
-5.914344
-5.892258
-5.869861
-5.847185
-5.824264
-5.801131
-5.777814
-5.754345
-5.730751
-5.707061
-5.683301
-5.659497
-5.635673
-5.611854
-5.588061
-5.564317
-5.540641
-5.517055
-5.493577
-5.470224
-5.447014
-5.423963
-5.401087
-5.3784
-5.355915
-5.333646
-5.311604
-5.289802
-5.268249
-5.246956
-5.225932
-5.205185
-5.184724
-5.164555
-5.144686
-5.125123
-5.105871
-5.086936
-5.068322
-5.050032
-5.032072
-5.014443
-4.997149
-4.980193
-4.963575
-4.947298
-4.931363
-4.915771
-4.900522
-4.885618
-4.871057
-4.856841
-4.842968
-4.829438
-4.816251
-4.803405
-4.790899
-4.778732
-4.766903
-4.75541
-4.744251
-4.733425
-4.722929
-4.712763
-4.702924
-4.69341
-4.684219
-4.675349
-4.666798
-4.658564
-4.650645
-4.643038
-4.635742
-4.628756
-4.622076
-4.615701
-4.609629
-4.603858
-4.598388
-4.593215
-4.588338
-4.583756
-4.579468
-4.575472
-4.571767
-4.568352
-4.565226
-4.562388
-4.559837
-4.557573
-4.555594
-4.553902
-4.552494
-4.551372
-4.550535
-4.549983
-4.549717
-4.549736
-4.550042
-4.550635
-4.551515
-4.552684
-4.554143
-4.555892
-4.557933
-4.560267
-4.562897
-4.565823
-4.569047
-4.572571
-4.576398
-4.580529
-4.584967
-4.589713
-4.594771
-4.600143
-4.605831
-4.611838
-4.618167
-4.624821
-4.631802
-4.639114
-4.64676
-4.654742
-4.663064
-4.671729
-4.68074
-4.6901
-4.699812
-4.709879
-4.720304
-4.731091
-4.742242
-4.75376
-4.765647
-4.777907
-4.790542
-4.803555
-4.816947
-4.830721
-4.844878
-4.859421
-4.874351
-4.889668
-4.905375
-4.92147
-4.937956
-4.954832
-4.972097
-4.989752
-5.007793
-5.026222
-5.045034
-5.064228
-5.0838
-5.103748
-5.124067
-5.144753
-5.1658
-5.187202
-5.208953
-5.231046
-5.253472
-5.276224
-5.299291
-5.322663
-5.34633
-5.370279
-5.394498
-5.418973
-5.443689
-5.46863
-5.493781
-5.519124
-5.54464
-5.57031
-5.596112
-5.622026
-5.648029
-5.674096
-5.700202
-5.726323
-5.752429
-5.778493
-5.804485
-5.830374
-5.856128
-5.881715
-5.907099
-5.932246
-5.957118
-5.981678
-6.005887
-6.029704
-6.053089
-6.075999
-6.098391
-6.12022
-6.141441
-6.162007
-6.181871
-6.200985
-6.219299
-6.236763
-6.253326
-6.268938
-6.283544
-6.297094
-6.309532
-6.320805
-6.33086
-6.33964
-6.34709
-6.353157
-6.357783
-6.360914
-6.362495
-6.362468
-6.360781
-6.357377
-6.352203
-6.345204
-6.336327
-6.32552
-6.312729
-6.297905
-6.280998
-6.261957
-6.240736
-6.217289
-6.191569
-6.163535
-6.133143
-6.100353
-6.065128
-6.02743
-5.987227
-5.944484
-5.899172
-5.851265
-5.800735
-5.747561
-5.691722
-5.633201
-5.571983
-5.508056
-5.441411
-5.372042
-5.299946
-5.225124
-5.147577
-5.067313
-4.984342
-4.898675
-4.81033
-4.719325
-4.625684
-4.529433
-4.4306
-4.329219
-4.225327
-4.118962
-4.010167
-3.898989
-3.785476
-3.669681
-3.55166
-3.431472
-3.309177
-3.184841
-3.058531
-2.930318
-2.800274
-2.668475
-2.535
-2.399928
-2.263344
-2.125331
-1.985976
-1.84537
-1.703602
-1.560766
-1.416954
-1.272263
-1.12679
-0.9806312
-0.8338862
-0.6866544
-0.539036
-0.3911315
-0.243042
-0.09486867
0.05328739
0.2013251
0.3491437
0.4966428
0.6437227
0.7902845
0.93623
1.081462
1.225885
1.369404
1.511927
1.653361
1.793617
1.932608
2.070246
2.206449
2.341135
2.474224
2.60564
2.735309
2.863158
2.989118
3.113124
3.235112
3.35502
3.472793
3.588375
3.701714
3.812762
3.921475
4.027809
4.131727
4.233191
4.332171
4.428636
4.52256
4.613921
4.702699
4.788877
4.872442
4.953384
5.031694
5.10737
5.18041
5.250815
5.31859
5.383742
5.446281
5.50622
5.563574
5.618361
5.670601
5.720317
5.767532
5.812275
5.854575
5.894461
5.931968
5.96713
5.999983
6.030566
6.058919
6.085081
6.109096
6.131007
6.150859
6.168697
6.184569
6.198521
6.210603
6.220863
6.229351
6.236116
6.24121
6.244682
6.246585
6.246968
6.245884
6.243384
6.239519
6.234339
6.227896
6.220241
6.211423
6.201492
6.190497
6.178488
6.165513
6.151619
6.136854
6.121263
6.104892
6.087787
6.069991
6.051546
6.032497
6.012883
5.992745
5.972123
5.951056
5.92958
5.907733
5.88555
5.863065
5.840312
5.817324
5.794132
5.770766
5.747257
5.723631
5.699917
5.676142
5.652329
5.628504
5.60469
5.58091
5.557184
5.533534
5.509978
5.486535
5.463224
5.44006
5.41706
5.394239
5.371612
5.34919
5.326989
5.305018
5.283289
5.261814
5.240601
5.219659
5.198997
5.178624
5.158545
5.138767
5.119297
5.10014
5.081301
5.062784
5.044593
5.026732
5.009204
4.992011
4.975156
4.958641
4.942467
4.926635
4.911146
4.896001
4.8812
4.866743
4.85263
4.838861
4.825434
4.812349
4.799606
4.787202
4.775137
4.763409
4.752017
4.740958
4.730232
4.719836
4.709768
4.700027
4.69061
4.681516
4.672742
4.664287
4.656148
4.648323
4.64081
4.633608
4.626713
4.620125
4.613842
4.607861
4.602181
4.5968
4.591716
4.586928
4.582435
4.578235
4.574327
4.570709
4.567381
4.564342
4.56159
4.559125
4.556947
4.555055
4.553448
4.552127
4.55109
4.550339
4.549873
4.549693
4.549798
4.55019
4.550869
4.551837
4.553092
4.554638
4.556475
4.558604
4.561028
4.563746
4.566762
4.570076
4.573691
4.577609
4.581832
4.586362
4.591202
4.596354
4.601821
4.607605
4.613708
4.620135
4.626887
4.633967
4.64138
4.649126
4.65721
4.665635
4.674404
4.683519
4.692985
4.702803
4.712978
4.723512
4.734408
4.745669
4.757298
4.769297
4.78167
4.794418
4.807545
4.821052
4.834941
4.849214
4.863873
4.878919
4.894354
4.910177
4.92639
4.942994
4.959987
4.977369
4.99514
5.013298
5.031842
5.05077
5.070078
5.089764
5.109824
5.130254
5.151048
5.172203
5.193711
5.215566
5.23776
5.260285
5.283132
5.306292
5.329755
5.353508
5.377539
5.401837
5.426385
5.451171
5.476178
5.501388
5.526785
5.552349
5.578061
5.6039
5.629843
5.655867
5.681949
5.708062
5.734181
5.760278
5.786323
5.812287
5.838139
5.863847
5.889376
5.914693
5.939761
5.964543
5.989001
6.013097
6.036788
6.060035
6.082794
6.105021
6.126672
6.147701
6.168061
6.187704
6.206582
6.224646
6.241844
6.258127
6.273441
6.287735
6.300956
6.313049
6.323962
6.333638
6.342024
6.349064
6.354703
6.358885
6.361556
6.362658
6.362138
6.35994
6.356009
6.350291
6.342733
6.333281
6.321882
6.308485
6.293039
6.275495
6.255803
6.233917
6.20979
6.183379
6.154639
6.12353
6.090011
6.054046
6.015598
5.974633
5.93112
5.88503
5.836336
5.785013
5.731039
5.674395
5.615063
5.553031
5.488287
5.420823
5.350634
5.277718
5.202075
5.12371
5.04263
4.958846
4.872371
4.783224
4.691423
4.596994
4.499962
4.400359
4.298219
4.193578
4.086477
3.97696
3.865074
3.750869
3.634398
3.515719
3.394889
3.271974
3.147036
3.020146
2.891374
2.760794
2.628483
2.494519
2.358983
2.221959
2.083533
1.943793
1.802827
1.660728
1.517588
1.373502
1.228566
1.082876
0.9365301
0.7896281
0.6422694
0.4945543
0.3465836
0.1984582
0.05027937
-0.0978517
-0.2458341
-0.393567
-0.5409505
-0.6878849
-0.8342714
-0.9800124
-1.125011
-1.269172
-1.412401
-1.554606
-1.695695
-1.835579
-1.974172
-2.111387
-2.247142
-2.381356
-2.513949
-2.644847
-2.773975
-2.901263
-3.026642
-3.150047
-3.271416
-3.390688
-3.507806
-3.622719
-3.735374
-3.845724
-3.953725
-4.059336
-4.162519
-4.263239
-4.361465
-4.457168
-4.550323
-4.640909
-4.728906
-4.814299
-4.897075
-4.977226
-5.054744
-5.129626
-5.201873
-5.271486
-5.338471
-5.402835
-5.464591
-5.52375
-5.58033
-5.634348
-5.685826
-5.734786
-5.781255
-5.82526
-5.866829
-5.905996
-5.942794
-5.977257
-6.009424
-6.039331
-6.06702
-6.092531
-6.115909
-6.137195
-6.156436
-6.173678
-6.188967
-6.202352
-6.21388
-6.223601
-6.231565
-6.237822
-6.242423
-6.245417
-6.246858
-6.246794
-6.245279
-6.242362
-6.238096
-6.232531
-6.225718
-6.217707
-6.208549
-6.198293
-6.186988
-6.174683
-6.161427
-6.147266
-6.132247
-6.116417
-6.09982
-6.082502
-6.064507
-6.045876
-6.026652
-6.006876
-5.986589
-5.965829
-5.944635
-5.923043
-5.901091
-5.878814
-5.856245
-5.833418
-5.810365
-5.787118
-5.763706
-5.740158
-5.716503
-5.692768
-5.668979
-5.64516
-5.621336
-5.59753
-5.573764
-5.550058
-5.526434
-5.502911
-5.479506
-5.456237
-5.433121
-5.410174
-5.387409
-5.364842
-5.342486
-5.320352
-5.298453
-5.2768
-5.255402
-5.23427
-5.213412
-5.192836
-5.17255
-5.152561
-5.132876
-5.113499
-5.094437
-5.075695
-5.057275
-5.039184
-5.021422
-5.003995
-4.986904
-4.970151
-4.953738
-4.937666
-4.921938
-4.906552
-4.891511
-4.876813
-4.86246
-4.84845
-4.834784
-4.821461
-4.808479
-4.795838
-4.783536
-4.771573
-4.759946
-4.748654
-4.737696
-4.727069
-4.716772
-4.706803
-4.697159
-4.68784
-4.678842
-4.670164
-4.661804
-4.65376
-4.646029
-4.63861
-4.631501
-4.624699
-4.618203
-4.61201
-4.60612
-4.60053
-4.595239
-4.590244
-4.585545
-4.58114
-4.577028
-4.573208
-4.569677
-4.566436
-4.563483
-4.560818
-4.55844
-4.556348
-4.554541
-4.55302
-4.551785
-4.550834
-4.550169
-4.549789
-4.549694
-4.549886
-4.550364
-4.55113
-4.552184
-4.553527
-4.55516
-4.557085
-4.559303
-4.561814
-4.564622
-4.567727
-4.571132
-4.574838
-4.578848
-4.583163
-4.587786
-4.59272
-4.597966
-4.603528
-4.609407
-4.615608
-4.622132
-4.628983
-4.636163
-4.643675
-4.651523
-4.65971
-4.668238
-4.67711
-4.686331
-4.695902
-4.705828
-4.71611
-4.726753
-4.737758
-4.749129
-4.760869
-4.772981
-4.785466
-4.798328
-4.811569
-4.825191
-4.839195
-4.853584
-4.86836
-4.883523
-4.899074
-4.915015
-4.931346
-4.948066
-4.965176
-4.982676
-5.000563
-5.018838
-5.037498
-5.05654
-5.075962
-5.095761
-5.115933
-5.136473
-5.157377
-5.178638
-5.200251
-5.222209
-5.244503
-5.267127
-5.290069
-5.313321
-5.336872
-5.360711
-5.384824
-5.409198
-5.43382
-5.458673
-5.483743
-5.509012
-5.534461
-5.560072
-5.585824
-5.611696
-5.637666
-5.663711
-5.689805
-5.715923
-5.742038
-5.768122
-5.794146
-5.82008
-5.845892
-5.871549
-5.897018
-5.922264
-5.94725
-5.971939
-5.996292
-6.02027
-6.043833
-6.066937
-6.08954
-6.111599
-6.133067
-6.1539
-6.174049
-6.193468
-6.212106
-6.229914
-6.246843
-6.262839
-6.277852
-6.291829
-6.304716
-6.31646
-6.327006
-6.3363
-6.344287
-6.350911
-6.356117
-6.35985
-6.362055
-6.362675
-6.361656
-6.358942
-6.354479
-6.348213
-6.34009
-6.330058
-6.318063
-6.304055
-6.287982
-6.269797
-6.24945
-6.226895
-6.202085
-6.174977
-6.145529
-6.113698
-6.079447
-6.042739
-6.003537
-5.961809
-5.917523
-5.870652
-5.82117
-5.769051
-5.714275
-5.656824
-5.596681
-5.533834
-5.468273
-5.399989
-5.328979
-5.255242
-5.178779
-5.099597
-5.017702
-4.933106
-4.845826
-4.755877
-4.663283
-4.568067
-4.470259
-4.369889
-4.266992
-4.161606
-4.053774
-3.943539
-3.830949
-3.716057
-3.598915
-3.479582
-3.358118
-3.234587
-3.109055
-2.981591
-2.852267
-2.721158
-2.588341
-2.453895
-2.317903
-2.180448
-2.041617
-1.901499
-1.760182
-1.61776
-1.474325
-1.329973
-1.1848
-1.038902
-0.8923786
-0.7453287
-0.5978522
-0.4500495
-0.3020216
-0.1538695
-0.005694387
0.1424025
0.2903204
0.4379587
0.5852175
0.7319974
0.8781999
1.023728
1.168484
1.312375
1.455305
1.597183
1.737919
1.877424
2.015611
2.152395
2.287695
2.421429
2.553521
2.683894
2.812475
2.939196
3.063988
3.186786
3.30753
3.42616
3.54262
3.656858
3.768824
3.878472
3.985758
4.090643
4.193088
4.293061
4.39053
4.485469
4.577853
4.667661
4.754876
4.839483
4.92147
5.000829
5.077555
5.151644
5.223098
5.291919
5.358114
5.421693
5.482665
5.541047
5.596853
5.650105
5.700823
5.749031
5.794755
5.838023
5.878867
5.917317
5.953409
5.987177
6.018659
6.047895
6.074924
6.099789
6.122532
6.143198
6.161833
6.178482
6.193193
6.206014
6.216993
6.22618
6.233625
6.239379
6.24349
6.246012
6.246994
6.246489
6.244546
6.241218
6.236556
6.23061
6.223431
6.21507
6.205576
6.194999
6.183388
6.170792
6.157258
6.142834
6.127567
6.111501
6.094683
6.077156
6.058965
6.040151
6.020757
6.000823
5.98039
5.959495
5.938177
5.916474
5.89442
5.872051
5.849401
5.826503
5.803389
5.780089
5.756633
5.73305
5.709368
5.685614
5.661813
5.63799
5.614169
5.590373
5.566623
5.54294
5.519344
5.495854
5.472489
5.449264
5.426197
5.403304
5.380597
5.358092
5.335801
5.313737
5.291911
5.270334
5.249015
5.227964
5.20719
5.186701
5.166504
5.146605
5.127012
5.10773
5.088763
5.070118
5.051797
5.033804
5.016143
4.998816
4.981827
4.965176
4.948866
4.932897
4.917272
4.90199
4.887052
4.872458
4.858208
4.844302
4.830739
4.817518
4.804639
4.7921
4.779901
4.768039
4.756513
4.745321
4.734463
4.723936
4.713737
4.703867
4.694321
4.685099
4.676197
4.667615
4.659351
4.651401
4.643764
4.636438
4.629422
4.622712
4.616307
4.610206
4.604406
4.598906
4.593705
4.588799
4.584189
4.579872
4.575848
4.572115
4.568672
4.565517
4.562651
4.560072
4.55778
4.555774
4.554054
4.552619
4.551469
4.550604
4.550024
4.54973
4.549722
4.55
4.550565
4.551417
4.552558
4.553988
4.555709
4.557722
4.560027
4.562628
4.565525
4.56872
4.572216
4.576013
4.580114
4.584522
4.589238
4.594265
4.599606
4.605263
4.611239
4.617537
4.624159
4.631109
4.638388
4.646001
4.653951
4.66224
4.670871
4.679848
4.689174
4.698852
4.708884
4.719275
4.730026
4.741141
4.752623
4.764475
4.776699
4.789297
4.802273
4.815628
4.829365
4.843485
4.85799
4.872882
4.888162
4.90383
4.919888
4.936336
4.953174
4.970401
4.988018
5.006022
5.024413
5.043188
5.062345
5.081881
5.101792
5.122075
5.142725
5.163737
5.185105
5.206823
5.228883
5.251277
5.273997
5.297034
5.320377
5.344016
5.367938
5.392131
5.416582
5.441275
5.466195
5.491327
5.516652
5.542152
5.567807
5.593598
5.619502
5.645497
5.671559
5.697663
5.723783
5.749891
5.775961
5.801961
5.827862
5.853631
5.879235
5.90464
5.929812
5.954712
5.979304
6.003549
6.027406
6.050835
6.073793
6.096237
6.118123
6.139405
6.160037
6.179972
6.19916
6.217554
6.235103
6.251757
6.267463
6.282169
6.295824
6.308373
6.319762
6.329937
6.338843
6.346426
6.352629
6.357398
6.360677
6.36241
6.362543
6.36102
6.357785
6.352786
6.345966
6.337274
6.326657
6.314062
6.299438
6.282735
6.263904
6.242897
6.219668
6.194172
6.166364
6.136203
6.103648
6.068661
6.031206
5.991247
5.948753
5.903692
5.856038
5.805764
5.752848
5.697269
5.63901
5.578055
5.514391
5.448011
5.378908
5.307077
5.232519
5.155238
5.075238
4.992529
4.907124
4.819038
4.728291
4.634905
4.538906
4.440323
4.339189
4.235539
4.129413
4.020852
3.909904
3.796616
3.681041
3.563233
3.443253
3.32116
3.19702
3.070899
2.942867
2.812998
2.681367
2.548051
2.413131
2.27669
2.138812
1.999584
1.859096
1.717437
1.5747
1.430979
1.28637
1.140968
0.9948717
0.8481794
0.7009906
0.5534053
0.4055243
0.2574483
0.1092787
-0.03888352
-0.1869372
-0.3347815
-0.482316
-0.6294411
-0.7760576
-0.9220673
-1.067373
-1.211879
-1.35549
-1.498114
-1.639658
-1.780032
-1.91915
-2.056923
-2.193269
-2.328106
-2.461354
-2.592936
-2.722778
-2.850807
-2.976954
-3.101153
-3.223339
-3.343453
-3.461436
-3.577233
-3.690792
-3.802065
-3.911007
-4.017574
-4.121728
-4.223433
-4.322655
-4.419366
-4.513539
-4.60515
-4.69418
-4.780611
-4.864431
-4.945628
-5.024195
-5.100127
-5.173423
-5.244084
-5.312114
-5.377521
-5.440314
-5.500505
-5.55811
-5.613146
-5.665632
-5.715592
-5.76305
-5.808032
-5.850568
-5.890687
-5.928424
-5.963813
-5.996889
-6.027691
-6.056258
-6.082632
-6.106854
-6.128967
-6.149017
-6.167049
-6.18311
-6.197247
-6.209509
-6.219944
-6.228602
-6.235532
-6.240786
-6.244414
-6.246467
-6.246996
-6.246053
-6.243688
-6.239953
-6.234899
-6.228577
-6.221037
-6.21233
-6.202505
-6.191612
-6.179699
-6.166816
-6.153009
-6.138327
-6.122814
-6.106517
-6.089481
-6.07175
-6.053367
-6.034375
-6.014814
-5.994725
-5.974149
-5.953123
-5.931685
-5.909873
-5.887721
-5.865264
-5.842536
-5.819569
-5.796395
-5.773045
-5.749548
-5.725933
-5.702227
-5.678456
-5.654646
-5.630821
-5.607005
-5.58322
-5.559488
-5.53583
-5.512264
-5.488809
-5.465485
-5.442306
-5.419289
-5.39645
-5.373803
-5.351361
-5.329138
-5.307144
-5.285391
-5.263891
-5.242652
-5.221683
-5.200994
-5.180592
-5.160484
-5.140677
-5.121177
-5.101989
-5.083119
-5.06457
-5.046348
-5.028454
-5.010894
-4.993668
-4.97678
-4.960232
-4.944024
-4.928159
-4.912637
-4.897458
-4.882624
-4.868134
-4.853987
-4.840185
-4.826725
-4.813607
-4.80083
-4.788394
-4.776296
-4.764535
-4.75311
-4.742019
-4.73126
-4.720832
-4.710733
-4.70096
-4.691512
-4.682386
-4.673581
-4.665095
-4.656925
-4.64907
-4.641527
-4.634294
-4.62737
-4.620753
-4.61444
-4.608429
-4.60272
-4.59731
-4.592197
-4.587381
-4.582859
-4.578631
-4.574694
-4.571048
-4.567692
-4.564625
-4.561845
-4.559352
-4.557146
-4.555226
-4.553592
-4.552243
-4.551178
-4.5504
-4.549906
-4.549698
-4.549775
-4.55014
-4.550791
-4.55173
-4.552958
-4.554475
-4.556284
-4.558384
-4.560779
-4.563469
-4.566455
-4.56974
-4.573326
-4.577215
-4.581408
-4.585908
-4.590718
-4.595839
-4.601275
-4.607028
-4.613101
-4.619496
-4.626216
-4.633264
-4.640644
-4.648358
-4.656409
-4.664801
-4.673536
-4.682618
-4.692049
-4.701833
-4.711973
-4.722472
-4.733332
-4.744558
-4.756151
-4.768114
-4.78045
-4.793162
-4.806252
-4.819721
-4.833573
-4.847809
-4.86243
-4.877439
-4.892836
-4.908621
-4.924797
-4.941362
-4.958317
-4.975662
-4.993395
-5.011516
-5.030022
-5.048912
-5.068184
-5.087833
-5.107857
-5.128251
-5.14901
-5.17013
-5.191604
-5.213425
-5.235587
-5.25808
-5.280897
-5.304027
-5.32746
-5.351185
-5.375191
-5.399463
-5.423988
-5.448751
-5.473737
-5.498928
-5.524308
-5.549856
-5.575555
-5.601382
-5.627316
-5.653333
-5.679411
-5.705522
-5.731642
-5.757742
-5.783793
-5.809767
-5.835631
-5.861354
-5.886902
-5.912241
-5.937335
-5.962147
-5.986638
-6.010771
-6.034503
-6.057795
-6.080603
-6.102884
-6.124593
-6.145684
-6.166111
-6.185827
-6.204781
-6.222926
-6.240211
-6.256585
-6.271996
-6.286391
-6.299719
-6.311924
-6.322954
-6.332753
-6.341267
-6.34844
-6.354218
-6.358544
-6.361364
-6.362621
-6.362261
-6.360229
-6.356469
-6.350927
-6.34355
-6.334284
-6.323077
-6.309877
-6.294632
-6.277294
-6.257813
-6.236143
-6.212236
-6.186049
-6.157537
-6.12666
-6.093377
-6.057652
-6.019446
-5.978728
-5.935464
-5.889626
-5.841186
-5.79012
-5.736404
-5.680021
-5.620951
-5.559182
-5.494703
-5.427503
-5.357579
-5.284928
-5.20955
-5.13145
-5.050633
-4.967112
-4.880898
-4.79201
-4.700466
-4.606291
-4.509511
-4.410157
-4.308262
-4.203862
-4.096999
-3.987715
-3.876057
-3.762075
-3.645822
-3.527355
-3.406732
-3.284016
-3.159273
-3.032569
-2.903977
-2.77357
-2.641423
-2.507616
-2.37223
-2.235347
-2.097054
-1.957437
-1.816587
-1.674594
-1.531551
-1.387553
-1.242695
-1.097074
-0.9507875
-0.8039353
-0.6566166
-0.5089317
-0.3609814
-0.2128666
-0.06468856
0.08345159
0.2314528
0.3792145
0.5266363
0.6736187
0.8200628
0.9658709
1.110946
1.255193
1.398516
1.540824
1.682026
1.822031
1.960753
2.098106
2.234007
2.368374
2.501128
2.632195
2.761498
2.888968
3.014536
3.138135
3.259704
3.379183
3.496513
3.611642
3.724519
3.835095
3.943327
4.049172
4.152592
4.253553
4.352023
4.447972
4.541377
4.632213
4.720462
4.806109
4.889141
4.969547
5.047321
5.12246
5.194963
5.264832
5.332072
5.396691
5.4587
5.518111
5.574941
5.629207
5.680931
5.730135
5.776845
5.821088
5.862893
5.902292
5.939319
5.974007
6.006395
6.036521
6.064423
6.090145
6.113728
6.135216
6.154654
6.172088
6.187565
6.201132
6.212839
6.222734
6.230867
6.237287
6.242047
6.245195
6.246784
6.246865
6.245488
6.242706
6.238569
6.233128
6.226434
6.218537
6.209489
6.199337
6.188132
6.175922
6.162756
6.148681
6.133744
6.11799
6.101467
6.084217
6.066285
6.047714
6.028546
6.008822
5.988583
5.967867
5.946714
5.925159
5.903241
5.880993
5.858451
5.835648
5.812616
5.789386
5.765989
5.742453
5.718808
5.695079
5.671294
5.647477
5.623652
5.599843
5.576072
5.55236
5.528728
5.505193
5.481776
5.458493
5.435362
5.412397
5.389615
5.367028
5.34465
5.322495
5.300572
5.278895
5.257472
4.754836
4.601916
4.265736
4.085048
3.841771
3.673811
3.491766
3.351631
3.216627
3.109377
3.014656
2.941519
2.883587
2.844415
2.821268
2.815479
2.825818
2.85272
2.895572
2.954439
3.028952
3.119009
3.22432
3.344691
3.479836
3.62949
3.793332
3.971031
4.162209
4.366463
4.58335
4.812389
5.053062
5.304811
5.567039
5.839111
6.120351
6.410047
6.707449
7.011774
7.322202
7.637885
7.957943
8.281473
8.607545
8.93521
9.263503
9.591441
9.918036
10.24229
10.5632
10.87977
11.19101
11.49593
11.79357
12.08296
12.36317
12.63331
12.89248
13.13985
13.3746
13.59597
13.80324
13.99571
14.17278
14.33384
14.4784
14.60597
14.71616
14.80861
14.88304
14.93924
14.97704
14.99635
14.99714
14.97945
14.94338
14.8891
14.81682
14.72684
14.61951
14.49521
14.35443
14.19766
14.02546
13.83846
13.63729
13.42266
13.19528
12.95594
12.70541
12.44452
12.17411
11.89503
11.60816
11.31437
11.01454
10.70957
10.40032
10.08767
9.772482
9.455594
9.137827
8.819982
8.502827
8.187103
7.873514
7.562729
7.255377
6.952042
6.653266
6.359542
6.071318
5.788988
5.512898
5.24334
4.980555
4.724731
4.476003
4.234454
4.000116
3.772968
3.552942
3.33992
3.133741
2.934196
2.741036
2.553973
2.37268
2.196798
2.025937
1.859679
1.697582
1.539183
1.384001
1.231544
1.081309
0.9327845
0.7854607
0.6388271
0.4923791
0.3456207
0.1980686
0.04925558
-0.1012662
-0.253922
-0.4091113
-0.5672046
-0.7285413
-0.8934266
-1.06213
-1.234881
-1.41187
-1.593247
-1.779116
-1.969538
-2.16453
-2.364061
-2.568058
-2.776399
-2.988917
-3.205403
-3.425601
-3.649213
-3.875901
-4.105287
-4.336955
-4.570453
-4.805296
-5.04097
-5.276932
-5.512614
-5.747426
-5.980759
-6.211992
-6.440488
-6.665604
-6.886693
-7.103105
-7.314193
-7.519318
-7.717848
-7.909167
-8.092673
-8.267787
-8.433952
-8.590637
-8.737341
-8.873596
-8.998969
-9.113063
-9.215522
-9.306031
-9.384319
-9.45016
-9.503374
-9.543827
-9.571435
-9.586162
-9.588019
-9.577066
-9.553413
-9.517215
-9.468676
-9.408042
-9.335606
-9.251701
-9.156702
-9.05102
-8.935104
-8.809434
-8.674522
-8.530905
-8.379148
-8.219832
-8.05356
-7.880947
-7.702619
-7.519209
-7.331354
-7.139689
-6.944847
-6.747453
-6.548121
-6.34745
-6.146021
-5.944394
-5.743106
-5.542664
-5.343546
-5.146199
-4.951033
-4.758419
-4.568691
-4.38214
-4.199016
-4.019524
-3.843823
-3.672027
-3.504204
-3.340377
-3.180519
-3.024563
-2.872391
-2.723844
-2.578721
-2.436779
-2.297734
-2.161266
-2.02702
-1.894608
-1.763613
-1.633588
-1.504067
-1.374558
-1.244557
-1.113541
-0.980982
-0.8463417
-0.7090811
-0.5686621
-0.4245515
-0.2762251
-0.1231714
0.03510471
0.1990781
0.3691999
0.545894
0.7295537
0.9205385
1.119171
1.325734
1.540469
1.763571
1.995189
2.235424
2.484324
2.741888
3.008061
3.282734
3.565742
3.856869
4.155841
4.462333
4.775964
5.096301
5.422863
5.755115
6.092477
6.434323
6.779983
7.128748
7.479871
7.832569
8.186031
8.539414
8.891855
9.242469
9.590356
9.934602
10.27429
10.60849
10.93628
11.25674
11.56897
11.87206
12.16514
12.44736
12.71788
12.9759
13.22066
13.45142
13.6675
13.86826
14.0531
14.22147
14.37288
14.50689
14.62312
14.72125
14.80102
14.86222
14.90471
14.92844
14.93337
14.91958
14.88716
14.83631
14.76725
14.6803
14.5758
14.45417
14.31589
14.16147
13.99149
13.80655
13.60733
13.39453
13.16887
12.93114
12.68212
12.42265
12.15358
11.87575
11.59005
11.29737
10.99858
10.69458
10.38624
10.07446
9.760073
9.443942
9.126886
8.809708
8.49318
8.178045
7.865009
7.554743
7.247878
6.945
6.646654
6.353334
6.065488
5.783514
5.507758
5.238513
4.976023
4.720476
4.472007
4.230702
3.996592
3.769659
3.549835
3.337004
3.131002
2.931624
2.738621
2.551705
2.370551
2.194799
2.02406
1.857916
1.695927
1.537629
1.382542
1.230174
1.080022
0.9315763
0.7843262
0.6377618
0.4913788
0.3446814
0.1971867
0.04842745
-0.1020438
-0.2546522
-0.4097969
-0.5678484
-0.7291458
-0.8939942
-1.062662
-1.235381
-1.41234
-1.593688
-1.77953
-1.969927
-2.164895
-2.364404
-2.56838
-2.776701
-2.989201
-3.20567
-3.425851
-3.649448
-3.876122
-4.105494
-4.337149
-4.570635
-4.805468
-5.041132
-5.277084
-5.512756
-5.747559
-5.980885
-6.21211
-6.440598
-6.665708
-6.88679
-7.103196
-7.314279
-7.519398
-7.717924
-7.909238
-8.09274
-8.26785
-8.434011
-8.590692
-8.737393
-8.873645
-8.999015
-9.113106
-9.215562
-9.306069
-9.384355
-9.450194
-9.503405
-9.543857
-9.571463
-9.586188
-9.588043
-9.577089
-9.553434
-9.517236
-9.468695
-9.40806
-9.335622
-9.251717
-9.156716
-9.051034
-8.935117
-8.809446
-8.674533
-8.530916
-8.379158
-8.219842
-8.053569
-7.880956
-7.702627
-7.519217
-7.331361
-7.139695
-6.944853
-6.747459
-6.548126
-6.347455
-6.146025
-5.944398
-5.74311
-5.542668
-5.34355
-5.146203
-4.951036
-4.758422
-4.568694
-4.382143
-4.199019
-4.019526
-3.843825
-3.672029
-3.504206
-3.340378
-3.180521
-3.024564
-2.872392
-2.723846
-2.578723
-2.43678
-2.297735
-2.161267
-2.027021
-1.894609
-1.763614
-1.633589
-1.504068
-1.374559
-1.244557
-1.113542
-0.9809827
-0.8463423
-0.7090817
-0.5686626
-0.424552
-0.2762256
-0.1231718
0.0351043
0.1990777
0.3691995
0.5458936
0.7295534
0.9205382
1.119171
1.325734
1.540469
1.763571
1.995189
2.235423
2.484324
2.741888
3.008061
3.282734
3.565742
3.856869
4.155841
4.462333
4.775963
5.096301
5.422863
5.755115
6.092477
6.434322
6.779983
7.128748
7.479871
7.832569
8.18603
8.539414
8.891855
9.242469
9.590356
9.934602
10.27429
10.60849
10.93628
11.25674
11.56897
11.87206
12.16514
12.44736
12.71788
12.9759
13.22066
13.45142
13.6675
13.86826
14.0531
14.22147
14.37288
14.50689
14.62312
14.72125
14.80102
14.86222
14.90471
14.92844
14.93337
14.91958
14.88716
14.83631
14.76725
14.6803
14.5758
14.45417
14.31589
14.16147
13.99149
13.80655
13.60733
13.39453
13.16887
12.93114
12.68212
12.42265
12.15358
11.87575
11.59005
11.29737
10.99858
10.69458
10.38624
10.07446
9.760073
9.443942
9.126886
8.809708
8.49318
8.178045
7.865009
7.554743
7.247878
6.945
6.646654
6.353334
6.065488
5.783514
5.507758
5.238513
4.976023
4.720476
4.472007
4.230702
3.996592
3.769659
3.549835
3.337004
3.131002
2.931624
2.738621
2.551705
2.370551
2.194799
2.02406
1.857916
1.695927
1.537629
1.382542
1.230174
1.080022
0.9315763
0.7843262
0.6377618
0.4913788
0.3446814
0.1971867
0.04842745
-0.1020438
-0.2546522
-0.4097969
-0.5678484
-0.7291458
-0.8939942
-1.062662
-1.235381
-1.41234
-1.593688
-1.77953
-1.969927
-2.164895
-2.364404
-2.56838
-2.776701
-2.989201
-3.20567
-3.425851
-3.649448
-3.876122
-4.105494
-4.337149
-4.570635
-4.805468
-5.041132
-5.277084
-5.512756
-5.747559
-5.980885
-6.21211
-6.440598
-6.665708
-6.88679
-7.103196
-7.314279
-7.519398
-7.717924
-7.909238
-8.09274
-8.26785
-8.434011
-8.590692
-8.737393
-8.873645
-8.999015
-9.113106
-9.215562
-9.306069
-9.384355
-9.450194
-9.503405
-9.543857
-9.571463
-9.586188
-9.588043
-9.577089
-9.553434
-9.517236
-9.468695
-9.40806
-9.335622
-9.251717
-9.156716
-9.051034
-8.935117
-8.809446
-8.674533
-8.530916
-8.379158
-8.219842
-8.053569
-7.880956
-7.702627
-7.519217
-7.331361
-7.139695
-6.944853
-6.747459
-6.548126
-6.347455
-6.146025
-5.944398
-5.74311
-5.542668
-5.34355
-5.146203
-4.951036
-4.758422
-4.568694
-4.382143
-4.199019
-4.019526
-3.843825
-3.672029
-3.504206
-3.340378
-3.180521
-3.024564
-2.872392
-2.723846
-2.578723
-2.43678
-2.297735
-2.161267
-2.027021
-1.894609
-1.763614
-1.633589
-1.504068
-1.374559
-1.244557
-1.113542
-0.9809827
-0.8463423
-0.7090817
-0.5686626
-0.424552
-0.2762256
-0.1231718
0.0351043
0.1990777
0.3691995
0.5458936
0.7295534
0.9205382
1.119171
1.325734
1.540469
1.763571
1.995189
2.235423
2.484324
2.741888
3.008061
3.282734
3.565742
3.856869
4.155841
4.462333
4.775963
5.096301
5.422863
5.755115
6.092477
6.434322
6.779983
7.128748
7.479871
7.832569
8.18603
8.539414
8.891855
9.242469
9.590356
9.934602
10.27429
10.60849
10.93628
11.25674
11.56897
11.87206
12.16514
12.44736
12.71788
12.9759
13.22066
13.45142
13.6675
13.86826
14.0531
14.22147
14.37288
14.50689
14.62312
14.72125
14.80102
14.86222
14.90471
14.92844
14.93337
14.91958
14.88716
14.83631
14.76725
14.6803
14.5758
14.45417
14.31589
14.16147
13.99149
13.80655
13.60733
13.39453
13.16887
12.93114
12.68212
12.42265
12.15358
11.87575
11.59005
11.29737
10.99858
10.69458
10.38624
10.07446
9.760073
9.443942
9.126886
8.809708
8.49318
8.178045
7.865009
7.554743
7.247878
6.945
6.646654
6.353334
6.065488
5.783514
5.507758
5.238513
4.976023
4.720476
4.472007
4.230702
3.996592
3.769659
3.549835
3.337004
3.131002
2.931624
2.738621
2.551705
2.370551
2.194799
2.02406
1.857916
1.695927
1.537629
1.382542
1.230174
1.080022
0.9315763
0.7843262
0.6377618
0.4913788
0.3446814
0.1971867
0.04842745
-0.1020438
-0.2546522
-0.4097969
-0.5678484
-0.7291458
-0.8939942
-1.062662
-1.235381
-1.41234
-1.593688
-1.77953
-1.969927
-2.164895
-2.364404
-2.56838
-2.776701
-2.989201
-3.20567
-3.425851
-3.649448
-3.876122
-4.105494
-4.337149
-4.570635
-4.805468
-5.041132
-5.277084
-5.512756
-5.747559
-5.980885
-6.21211
-6.440598
-6.665708
-6.88679
-7.103196
-7.314279
-7.519398
-7.717924
-7.909238
-8.09274
-8.26785
-8.434011
-8.590692
-8.737393
-8.873645
-8.999015
-9.113106
-9.215562
-9.306069
-9.384355
-9.450194
-9.503405
-9.543857
-9.571463
-9.586188
-9.588043
-9.577089
-9.553434
-9.517236
-9.468695
-9.40806
-9.335622
-9.251717
-9.156716
-9.051034
-8.935117
-8.809446
-8.674533
-8.530916
-8.379158
-8.219842
-8.053569
-7.880956
-7.702627
-7.519217
-7.331361
-7.139695
-6.944853
-6.747459
-6.548126
-6.347455
-6.146025
-5.944398
-5.74311
-5.542668
-5.34355
-5.146203
-4.951036
-4.758422
-4.568694
-4.382143
-4.199019
-4.019526
-3.843825
-3.672029
-3.504206
-3.340378
-3.180521
-3.024564
-2.872392
-2.723846
-2.578723
-2.43678
-2.297735
-2.161267
-2.027021
-1.894609
-1.763614
-1.633589
-1.504068
-1.374559
-1.244557
-1.113542
-0.9809827
-0.8463423
-0.7090817
-0.5686626
-0.424552
-0.2762256
-0.1231718
0.0351043
0.1990777
0.3691995
0.5458936
0.7295534
0.9205382
1.119171
1.325734
1.540469
1.763571
1.995189
2.235423
2.484324
2.741888
3.008061
3.282734
3.565742
3.856869
4.155841
4.462333
4.775963
5.096301
5.422863
5.755115
6.092477
6.434322
6.779983
7.128748
7.479871
7.832569
8.18603
8.539414
8.891855
9.242469
9.590356
9.934602
10.27429
10.60849
10.93628
11.25674
11.56897
11.87206
12.16514
12.44736
12.71788
12.9759
13.22066
13.45142
13.6675
13.86826
14.0531
14.22147
14.37288
14.50689
14.62312
14.72125
14.80102
14.86222
14.90471
14.92844
14.93337
14.91958
14.88716
14.83631
14.76725
14.6803
14.5758
14.45417
14.31589
14.16147
13.99149
13.80655
13.60733
13.39453
13.16887
12.93114
12.68212
12.42265
12.15358
11.87575
11.59005
11.29737
10.99858
10.69458
10.38624
10.07446
9.760073
9.443942
9.126886
8.809708
8.49318
8.178045
7.865009
7.554743
7.247878
6.945
6.646654
6.353334
6.065488
5.783514
5.507758
5.238513
4.976023
4.720476
4.472007
4.230702
3.996592
3.769659
3.549835
3.337004
3.131002
2.931624
2.738621
2.551705
2.370551
2.194799
2.02406
1.857916
1.695927
1.537629
1.382542
1.230174
1.080022
0.9315763
0.7843262
0.6377618
0.4913788
0.3446814
0.1971867
0.04842745
-0.1020438
-0.2546522
-0.4097969
-0.5678484
-0.7291458
-0.8939942
-1.062662
-1.235381
-1.41234
-1.593688
-1.77953
-1.969927
-2.164895
-2.364404
-2.56838
-2.776701
-2.989201
-3.20567
-3.425851
-3.649448
-3.876122
-4.105494
-4.337149
-4.570635
-4.805468
-5.041132
-5.277084
-5.512756
-5.747559
-5.980885
-6.21211
-6.440598
-6.665708
-6.88679
-7.103196
-7.314279
-7.519398
-7.717924
-7.909238
-8.09274
-8.26785
-8.434011
-8.590692
-8.737393
-8.873645
-8.999015
-9.113106
-9.215562
-9.306069
-9.384355
-9.450194
-9.503405
-9.543857
-9.571463
-9.586188
-9.588043
-9.577089
-9.553434
-9.517236
-9.468695
-9.40806
-9.335622
-9.251717
-9.156716
-9.051034
-8.935117
-8.809446
-8.674533
-8.530916
-8.379158
-8.219842
-8.053569
-7.880956
-7.702627
-7.519217
-7.331361
-7.139695
-6.944853
-6.747459
-6.548126
-6.347455
-6.146025
-5.944398
-5.74311
-5.542668
-5.34355
-5.146203
-4.951036
-4.758422
-4.568694
-4.382143
-4.199019
-4.019526
-3.843825
-3.672029
-3.504206
-3.340378
-3.180521
-3.024564
-2.872392
-2.723846
-2.578723
-2.43678
-2.297735
-2.161267
-2.027021
-1.894609
-1.763614
-1.633589
-1.504068
-1.374559
-1.244557
-1.113542
-0.9809827
-0.8463423
-0.7090817
-0.5686626
-0.424552
-0.2762256
-0.1231718
0.0351043
0.1990777
0.3691995
0.5458936
0.7295534
0.9205382
1.119171
1.325734
1.540469
1.763571
1.995189
2.235423
2.484324
2.741888
3.008061
3.282734
3.565742
3.856869
4.155841
4.462333
4.775963
5.096301
5.422863
5.755115
6.092477
6.434322
6.779983
7.128748
7.479871
7.832569
8.18603
8.539414
8.891855
9.242469
9.590356
9.934602
10.27429
10.60849
10.93628
11.25674
11.56897
11.87206
12.16514
12.44736
12.71788
12.9759
13.22066
13.45142
13.6675
13.86826
14.0531
14.22147
14.37288
14.50689
14.62312
14.72125
14.80102
14.86222
14.90471
14.92844
14.93337
14.91958
14.88716
14.83631
14.76725
14.6803
14.5758
14.45417
14.31589
14.16147
13.99149
13.80655
13.60733
13.39453
13.16887
12.93114
12.68212
12.42265
12.15358
11.87575
11.59005
11.29737
10.99858
10.69458
10.38624
10.07446
9.760073
9.443942
9.126886
8.809708
8.49318
8.178045
7.865009
7.554743
7.247878
6.945
6.646654
6.353334
6.065488
5.783514
5.507758
5.238513
4.976023
4.720476
4.472007
4.230702
3.996592
3.769659
3.549835
3.337004
3.131002
2.931624
2.738621
2.551705
2.370551
2.194799
2.02406
1.857916
1.695927
1.537629
1.382542
1.230174
1.080022
0.9315763
0.7843262
0.6377618
0.4913788
0.3446814
0.1971867
0.04842745
-0.1020438
-0.2546522
-0.4097969
-0.5678484
-0.7291458
-0.8939942
-1.062662
-1.235381
-1.41234
-1.593688
-1.77953
-1.969927
-2.164895
-2.364404
-2.56838
-2.776701
-2.989201
-3.20567
-3.425851
-3.649448
-3.876122
-4.105494
-4.337149
-4.570635
-4.805468
-5.041132
-5.277084
-5.512756
-5.747559
-5.980885
-6.21211
-6.440598
-6.665708
-6.88679
-7.103196
-7.314279
-7.519398
-7.717924
-7.909238
-8.09274
-8.26785
-8.434011
-8.590692
-8.737393
-8.873645
-8.999015
-9.113106
-9.215562
-9.306069
-9.384355
-9.450194
-9.503405
-9.543857
-9.571463
-9.586188
-9.588043
-9.577089
-9.553434
-9.517236
-9.468695
-9.40806
-9.335622
-9.251717
-9.156716
-9.051034
-8.935117
-8.809446
-8.674533
-8.530916
-8.379158
-8.219842
-8.053569
-7.880956
-7.702627
-7.519217
-7.331361
-7.139695
-6.944853
-6.747459
-6.548126
-6.347455
-6.146025
-5.944398
-5.74311
-5.542668
-5.34355
-5.146203
-4.951036
-4.758422
-4.568694
-4.382143
-4.199019
-4.019526
-3.843825
-3.672029
-3.504206
-3.340378
-3.180521
-3.024564
-2.872392
-2.723846
-2.578723
-2.43678
-2.297735
-2.161267
