0
0
0
0.4817537
0.5877853
0.5555998
0.4530355
0.4820125
0.5675969
0.6188988
0.5782381
0.5346874
0.5387504
0.5629832
0.5563781
0.5169227
0.4797411
0.4558907
0.4290655
0.3855141
0.3287774
0.264997
0.1918429
0.1039984
-0.0004399573
-0.1196362
-0.2460283
-0.3629331
-0.4523049
-0.5133392
-0.5627891
-0.6133269
-0.6650481
-0.7134078
-0.7565985
-0.7947428
-0.8263765
-0.8480542
-0.8554384
-0.8436714
-0.8080739
-0.7462173
-0.6607164
-0.5609459
-0.4607162
-0.3702783
-0.2882177
-0.2038949
-0.1087945
-0.0009178572
0.1189787
0.2457789
0.3629924
0.4451214
0.4809344
0.4928591
0.5109984
0.5398729
0.5628925
0.5683099
0.563766
0.5613968
0.561024
0.5541839
0.5373638
0.5148854
0.4903101
0.4617657
0.4257512
0.3812196
0.328466
0.2663788
0.1923782
0.1039338
-0.0004420016
-0.1196143
-0.2460315
-0.362935
-0.4523057
-0.5133383
-0.5627885
-0.6133269
-0.6650483
-0.7134079
-0.7565985
-0.7947428
-0.8263765
-0.8480542
-0.8554384
-0.8436714
-0.8080739
-0.7462173
-0.6607164
-0.5609459
-0.4607162
-0.3702783
-0.2882177
-0.2038949
-0.1087945
-0.0009178572
0.1189787
0.2457789
0.3629924
0.4451214
0.4809344
0.4928591
0.5109984
0.5398729
0.5628925
0.5683099
0.563766
0.5613968
0.561024
0.5541839
0.5373638
0.5148854
0.4903101
0.4617657
0.4257512
0.3812196
0.328466
0.2663788
0.1923782
0.1039338
-0.0004420016
-0.1196143
-0.2460315
-0.362935
-0.4523057
-0.5133383
-0.5627885
-0.6133269
-0.6650483
-0.7134079
-0.7565985
-0.7947428
-0.8263765
-0.8480542
-0.8554384
-0.8436714
-0.8080739
-0.7462173
-0.6607164
-0.5609459
-0.4607162
-0.3702783
-0.2882177
-0.2038949
-0.1087945
-0.0009178572
0.1189787
0.2457789
0.3629924
0.4451214
0.4809344
0.4928591
0.5109984
0.5398729
0.5628925
0.5683099
0.563766
0.5613968
0.561024
0.5541839
0.5373638
0.5148854
0.4903101
0.4617657
0.4257512
0.3812196
0.328466
0.2663788
0.1923782
0.1039338
-0.0004420016
-0.1196143
-0.2460315
-0.362935
-0.4523057
-0.5133383
-0.5627885
-0.6133269
-0.6650483
-0.7134079
-0.7565985
-0.7947428
-0.8263765
-0.8480542
-0.8554384
-0.8436714
-0.8080739
-0.7462173
-0.6607164
-0.5609459
-0.4607162
-0.3702783
-0.2882177
-0.2038949
-0.1087945
-0.0009178572
0.1189787
0.2457789
0.3629924
0.4451214
0.4809344
0.4928591
0.5109984
0.5398729
0.5628925
0.5683099
0.563766
0.5613968
0.561024
0.5541839
0.5373638
0.5148854
0.4903101
0.4617657
0.4257512
0.3812196
0.328466
0.2663788
0.1923782
0.1039338
-0.0004420016
-0.1196143
-0.2460315
-0.362935
-0.4523057
-0.5133383
-0.5627885
-0.6133269
-0.6650483
-0.7134079
-0.7565985
-0.7947428
-0.8263765
-0.8480542
-0.8554384
-0.8436714
-0.8080739
-0.7462173
-0.6607164
-0.5609459
-0.4607162
-0.3702783
-0.2882177
-0.2038949
-0.1087945
0.8882535
0.9267799
0.6104434
0.3564481
0.4414999
0.6418477
0.7072705
0.5526597
0.4759674
0.5236515
0.6125291
0.6130226
0.5494937
0.5254474
0.5552146
0.5879329
0.5797957
0.5537235
0.5483442
0.5636967
0.5746421
0.5683119
0.5580699
0.5579978
0.5650949
0.568296
0.5646645
0.5608839
0.561759
0.564789
0.5654997
0.5636816
0.5623998
0.5631092
0.564317
0.5643458
0.5635128
0.5631309
0.5635467
0.5639954
0.5638995
0.5635439
0.5634563
0.5636669
0.5638199
0.5637391
0.5635969
0.5635915
0.5636887
0.5637347
0.5636868
0.5636337
0.5636442
0.5636858
0.5636967
0.5636722
0.563654
0.5636632
0.5636799
0.5636808
0.5636695
0.5636639
0.5636694
0.5636757
0.5636746
0.5636697
0.5636684
0.5636712
0.5636734
0.5636723
0.5636704
0.5636702
0.5636715
0.5636722
0.5636716
0.5636708
0.563671
0.5636715
0.5636717
0.5636714
0.5636711
0.5636712
0.5636715
0.5636715
0.5636713
0.5636712
0.5636713
0.5636714
0.5636714
0.5636713
0.5636713
0.5636713
0.5636714
0.5636714
0.5636713
0.5636713
0.5636713
0.5636714
0.5636713
0.5636713
0.5636713
0.5636713
0.5636713
0.5636713
0.5636713
0.5636713
0.5636713
0.5636713
0.5636713
0.5636713
0.5636713
0.5636713
0.5636713
0.5636713
0.5636713
0.5636713
0.5636713
0.5636713
0.5636713
0.5636713
0.5636713
0.5636713
0.5636713
0.5636713
0.5636713
0.5636713
0.5636713
0.5636713
0.5636713
0.5636713
0.5636713
0.5636713
0.5636713
0.5636713
0.5636713
0.5636713
0.5636713
0.5636713
0.5636713
0.5636713
0.5636713
0.5636713
0.5636713
0.5636713
0.5636713
0.5636713
0.5636713
0.5636713
0.5636713
0.5636713
0.5636713
0.5636713
0.5636713
0.5636713
0.5636713
0.5636713
0.5636713
0.5636713
0.5636713
0.5636713
0.5636713
0.5636713
0.5636713
0.5636713
0.5636713
0.5636713
0.5636713
0.5636713
0.5636713
0.5636713
0.5636713
0.5636713
0.5636713
0.5636713
0.5636713
0.5636713
0.5636713
0.5636713
0.5636713
0.5636713
0.5636713
0.5636713
0.5636713
0.5636713
0.5636713
0.5636713
0.5636713
0.5636713
0.5636713
0.5636713
0.5636713
0.5636713
0.5636713
0.5636713
0.5636713
0.5636713
0.5636713
0.5636713
0.5636713
0.5636713
0.5636713
0.5636713
0.5636713
0.5636713
0.5636713
0.5636713
0.5636713
0.5636713
0.5636713
0.5636713
0.5636713
0.5636713
0.5636713
0.5636713
0.5636713
0.5636713
0.5636713
0.5636713
0.5636713
0.5636713
0.5636713
0.5636713
0.5636713
0.5636713
0.5636713
0.5636713
0.5636713
0.5636713
0.5636713
0.5636713
0.5636713
0.5636713
0.5636713
0.5636713
0.5636713
0.5636713
0.5636713
0.5636713
0.5636713
0.5636713
0.5636713
0.5636713
0.5636713
0.5636713
0.5636713
0.5636713
0.5636713
0.5636713
0.5636713
0.5636713
-0.6592331
-0.6673336
-0.5089279
-0.7295454
-0.8291283
-0.817596
-0.8358607
-0.8643881
-0.8760368
-0.883952
-0.8939555
-0.9018706
-0.9078133
-0.9133692
-0.9183804
-0.9226657
-0.9264986
-0.9299894
-0.9331322
-0.9359817
-0.9385928
-0.9409898
-0.9431958
-0.9452361
-0.9471293
-0.9488903
-0.950533
-0.9520696
-0.95351
-0.9548633
-0.9561373
-0.9573389
-0.9584743
-0.959549
-0.9605676
-0.9615347
-0.9624541
-0.9633293
-0.9641635
-0.9649596
-0.9657201
-0.9664474
-0.9671438
-0.967811
-0.9684511
-0.9690656
-0.9696561
-0.9702239
-0.9707704
-0.9712967
-0.971804
-0.9722933
-0.9727656
-0.9732216
-0.9736624
-0.9740886
-0.974501
-0.9749001
-0.9752868
-0.9756615
-0.9760247
-0.9763771
-0.9767191
-0.9770512
-0.9773738
-0.9776873
-0.977992
-0.9782884
-0.9785768
-0.9788575
-0.9791309
-0.9793971
-0.9796566
-0.9799094
-0.980156
-0.9803965
-0.9806312
-0.9808602
-0.9810838
-0.9813022
-0.9815155
-0.9817239
-0.9819276
-0.9821268
-0.9823215
-0.982512
-0.9826984
-0.9828808
-0.9830594
-0.9832342
-0.9834054
-0.9835731
-0.9837374
-0.9838984
-0.9840562
-0.9842109
-0.9843626
-0.9845114
-0.9846573
-0.9848005
-0.984941
-0.9850789
-0.9852143
-0.9853472
-0.9854777
-0.9856059
-0.9857318
-0.9858555
-0.9859771
-0.9860966
-0.986214
-0.9863294
-0.9864429
-0.9865546
-0.9866643
-0.9867723
-0.9868785
-0.9869831
-0.9870859
-0.9871871
-0.9872868
-0.9873848
-0.9874814
-0.9875765
-0.9876701
-0.9877623
-0.9878532
-0.9879427
-0.9880308
-0.9881177
-0.9882033
-0.9882877
-0.9883709
-0.9884529
-0.9885337
-0.9886134
-0.988692
-0.9887695
-0.9888459
-0.9889213
-0.9889957
-0.989069
-0.9891414
-0.9892129
-0.9892833
-0.9893529
-0.9894216
-0.9894893
-0.9895563
-0.9896223
-0.9896875
-0.9897519
-0.9898155
-0.9898783
-0.9899403
-0.9900016
-0.9900621
-0.9901219
-0.990181
-0.9902393
-0.990297
-0.9903539
-0.9904103
-0.9904659
-0.9905209
-0.9905753
-0.990629
-0.9906821
-0.9907347
-0.9907866
-0.990838
-0.9908887
-0.9909389
-0.9909886
-0.9910377
-0.9910863
-0.9911343
-0.9911819
-0.9912289
-0.9912754
-0.9913214
-0.991367
-0.991412
-0.9914566
-0.9915008
-0.9915444
-0.9915877
-0.9916304
-0.9916728
-0.9917147
-0.9917562
-0.9917973
-0.9918379
-0.9918782
-0.991918
-0.9919575
-0.9919966
-0.9920353
-0.9920736
-0.9921116
-0.9921492
-0.9921864
-0.9922233
-0.9922599
-0.9922961
-0.9923319
-0.9923674
-0.9924026
-0.9924375
-0.992472
-0.9925063
-0.9925402
-0.9925738
-0.9926071
-0.9926401
-0.9926728
-0.9927052
-0.9927374
-0.9927692
-0.9928008
-0.9928321
-0.9928631
-0.9928939
-0.9929244
-0.9929546
-0.9929846
-0.9930143
-0.9930437
-0.993073
-0.9931019
-0.9931306
-0.9931591
-0.9931874
-0.9932154
-0.9932432
-0.9932707
-0.9932981
-0.9933252
-0.9933521
-0.9933787
-0.9934052
-0.9934315
-0.9934575
-0.9934833
-0.9935089
-0.9935344
-0.9935596
-0.9935846
-0.9936095
-0.9936341
-0.6904377
-0.1237424
-0.1594687
-0.2987993
-0.4601628
-0.4240394
-0.3259573
-0.2166941
-0.08507128
0.08536047
0.2936102
0.5082211
0.6313036
0.5884327
0.511533
0.5081208
0.5306037
0.4946729
0.3945635
0.2862614
0.1723677
0.02692129
-0.1503949
-0.3288815
-0.4539088
-0.4851239
-0.4578419
-0.4080901
-0.3357187
-0.2383676
-0.1219922
0.004638008
0.1330064
0.2435793
0.3032941
0.2938344
0.2349985
0.1509509
0.03899003
-0.1107235
-0.2902859
-0.4632977
-0.5722311
-0.609519
-0.6235361
-0.6225691
-0.5823701
-0.4896213
-0.3512425
-0.1864015
-0.007908182
0.1949214
0.418011
0.5817721
0.5788859
0.4814782
0.4394552
0.4400226
0.410151
0.3190864
0.2071588
0.09020079
-0.04047485
-0.1730849
-0.2730243
-0.3098544
-0.2844581
-0.2192594
-0.1264326
-0.007731845
0.1341318
0.2853205
0.4094691
0.4565494
0.4248811
0.3711645
0.3196269
0.246772
0.1297788
-0.03222873
-0.236283
-0.4605761
-0.6269225
-0.6854176
-0.7152943
-0.7558263
-0.7668536
-0.7179776
-0.6058594
-0.4398675
-0.2544218
-0.08518899
0.0768748
0.2473835
0.3846056
0.4291524
0.3819778
0.3147003
0.2558541
0.1832067
0.08218563
-0.03627215
-0.1545919
-0.2478996
-0.2878867
-0.2684288
-0.203594
-0.1024709
0.03575103
0.2125801
0.4140066
0.5791701
0.6140216
0.5494083
0.5197241
0.5392995
0.5379942
0.4663725
0.3626594
0.2560918
0.1260408
-0.04802225
-0.2553903
-0.4545921
-0.5679972
-0.580374
-0.5644293
-0.5355026
-0.475214
-0.3812298
-0.2685887
-0.1546003
-0.04741096
0.04730762
0.1133308
0.1308294
0.09308042
0.008527254
-0.1143042
-0.2686069
-0.4302565
-0.5537136
-0.617951
-0.6543285
-0.6811688
-0.6795099
-0.6271576
-0.516887
-0.3574377
-0.1734927
0.02023553
0.2440862
0.4929489
0.6555626
0.6084408
0.4957447
0.4808192
0.513088
0.4931841
0.3971954
0.2967372
0.2090846
0.1139643
0.01112443
-0.0753695
-0.1222867
-0.1156314
-0.05841484
0.03756203
0.1629637
0.3044192
0.4290041
0.4892765
0.4757026
0.437674
0.405777
0.3612135
0.2774311
0.1512273
-0.01580331
-0.2315172
-0.4771075
-0.6642412
-0.72856
-0.7699516
-0.8400586
-0.8874199
-0.87563
-0.7983374
-0.6437208
-0.4306709
-0.2243976
-0.06936519
0.06221646
0.1864379
0.2632511
0.2687136
0.2168936
0.1384716
0.04122022
-0.07802595
-0.2082627
-0.3212676
-0.3844092
-0.3889545
-0.351354
-0.2810112
-0.1758066
-0.03267305
0.1501499
0.3684715
0.5752538
0.6522255
0.5770148
0.522573
0.5454235
0.5707489
0.5156327
0.4108423
0.3132386
0.2098159
0.07137087
-0.09923552
-0.2767785
-0.4156828
-0.4655356
-0.444208
-0.3949158
-0.3252612
-0.2331606
-0.1224683
-0.001700883
0.1193354
0.2216514
0.2754997
0.2644644
0.2041889
0.1141736
-0.007984529
-0.1692165
-0.3562229
-0.5227136
-0.614615
-0.6503527
-0.6781242
-0.6898714
-0.656201
-0.5645028
-0.4202784
-0.245755
-0.06552768
0.1273719
0.3462003
0.5346346
0.5807226
0.4924771
0.4274366
0.4151499
0.392649
0.3131019
0.2027683
0.08587719
-0.04061558
-0.1663511
-0.2584412
-0.2888818
-0.2592265
-0.1894585
-0.09028233
0.03690578
0.1885117
0.3459272
0.4625358
0.4876424
0.4434735
0.3970622
0.3577515
0.2924188
0.1814631
0.03038934
-0.1605834
-0.3829559
-0.5741137
-0.6567681
-0.6762746
-0.7002923
-0.7046911
-0.655257
-0.54734
-0.3948643
-0.2271106
-0.06753717
0.0930586
0.2582052
0.384591
0.4183052
0.3681259
0.3013531
0.2386051
0.1576237
0.04703437
-0.08154361
-0.2093084
-0.3062536
-0.34287
-0.3205083
-0.2579147
-0.162506
-0.03229971
0.1348977
0.3328944
0.5216606
0.6072189
0.5583711
0.501792
0.5019106
0.5073819
0.4527947
0.348678
0.2332384
0.09777656
-0.07902957
-0.2871806
-0.4772971
-0.5733838
-0.5787079
-0.5627249
-0.5305106
-0.4641935
-0.3639821
-0.2460397
-0.1264599
-0.01126284
0.09338777
0.1677163
0.1889078
0.1520942
0.07121847
-0.04407396
-0.1922981
-0.3582895
-0.4999964
-0.5778718
-0.6080918
-0.6222659
-0.6126989
-0.5579558
-0.4506848
-0.3005784
-0.1259902
0.06860617
0.2991494
0.5400751
0.6639554
0.5852203
0.4913698
0.4949003
0.526333
0.4876948
0.3845749
0.2863956
0.1963198
0.09225009
-0.02069865
-0.1166789
-0.1708856
-0.1681462
-0.1143909
-0.0240322
0.09429691
0.2319171
0.3649803
0.4495714
0.4564597
0.4164239
0.3725435
0.3210852
0.2354672
0.1038834
-0.0736363
-0.2985994
-0.5380458
-0.6945265
-0.745643
-0.80391
-0.8865129
-0.9378315
-0.9318565
-0.8585268
-0.6950084
-0.4593543
-0.2277205
-0.05951866
0.0786183
0.2141121
0.2987814
0.3051055
0.2520237
0.1778126
0.09009677
-0.01810729
-0.1395387
-0.251045
-0.3221441
-0.3350095
-0.2982567
-0.2243735
-0.1147226
0.03451298
0.2255898
0.4449856
0.6217359
0.643237
0.5618799
0.5406006
0.5796663
0.5893371
0.5129509
0.411634
0.3228101
0.2196371
0.07636629
-0.09840886
-0.2826065
-0.4300962
-0.4850119
-0.466126
-0.4210159
-0.3566712
-0.2700366
-0.165521
-0.05302539
0.05797979
0.1528261
0.2075
0.2039648
0.1472794
0.05198828
-0.07982651
-0.2486237
-0.4318118
-0.5755692
-0.6474838
-0.689371
-0.7312862
-0.7506776
-0.7194048
-0.6259534
-0.471522
-0.2806917
-0.08991373
0.1031986
0.3253509
0.5282348
0.5932869
0.5060115
0.4325058
0.4204573
0.4068514
0.3357293
0.2300206
0.1207211
0.006243949
-0.1079446
-0.1943957
-0.226703
-0.2000226
-0.1286052
-0.02377046
0.1111343
0.2687408
0.420025
0.5077911
0.5005778
0.4541204
0.4229652
0.3920392
0.3243845
0.2124377
0.0663357
-0.1193619
-0.3429078
-0.5497137
-0.6518177
-0.6718581
-0.6925395
-0.7005331
-0.65829
-0.5578875
-0.4124518
-0.2496657
-0.09504811
0.05593229
0.2092911
0.331327
0.3750843
0.3375059
0.2693518
0.1959039
0.103238
-0.01801057
-0.1566305
-0.2882549
-0.3761902
-0.3982026
-0.3694558
-0.3077869
-0.2144875
-0.08657012
0.07678837
0.2732624
0.4768146
0.6009292
0.5744127
0.5010764
0.4856691
0.4946654
0.4555141
0.3563117
0.2396196
0.1079921
-0.05987264
-0.2583666
-0.4422196
-0.5412456
-0.5481745
-0.5250179
-0.4845718
-0.4136562
-0.3120099
-0.1928491
-0.06849213
0.05601371
0.16955
0.2451748
0.2579496
0.212058
0.1307216
0.02103195
-0.1226062
-0.2921915
-0.4519361
-0.5510315
-0.584784
-0.5928487
-0.5813953
-0.5304637
-0.4299102
-0.287669
-0.1196273
0.07055155
0.2948294
0.5260494
0.6452201
0.5748873
0.4851757
0.4823887
0.5040429
0.4615571
0.3591988
0.2563189
0.1551016
0.03728983
-0.08814132
-0.192374
-0.2462305
-0.2374679
-0.180507
-0.09183844
0.02248177
0.1579152
0.2982033
0.4061297
0.4398945
0.4065892
0.3544578
0.2976951
0.2135327
0.0833883
-0.09451635
-0.3166919
-0.5454945
-0.6880301
-0.7362841
-0.7933175
-0.8666701
-0.9044355
-0.8827758
-0.7909374
-0.6146871
-0.3842636
-0.1725231
-0.01186102
0.1421734
0.2881411
0.3673564
0.3558654
0.2927246
0.2239822
0.1468548
0.04781836
-0.06709255
-0.1782613
-0.2590019
-0.2852976
-0.2559645
-0.1837355
-0.07414367
0.0753055
0.2655151
0.4755511
0.625942
0.6251596
0.5546291
0.5477035
0.5849188
0.5792185
0.4964321
0.3986145
0.308093
0.1954153
0.04006635
-0.1475974
-0.3433966
-0.4888612
-0.5303506
-0.5095103
-0.4714855
-0.4123497
-0.3271542
-0.2237168
-0.1152654
-0.01089709
0.07921855
0.1361579
0.1413887
0.09208716
-0.00205815
-0.1350817
-0.3006448
-0.4699493
-0.5928244
-0.6565326
-0.7032061
-0.7472133
-0.7631256
-0.7265207
-0.6260825
-0.4627364
-0.2642814
-0.06827718
0.1333681
0.3686031
0.5740555
0.6160827
0.5093497
0.446489
0.4511544
0.4462221
0.372654
0.2687699
0.1693852
0.06794639
-0.03565323
-0.1182371
-0.1551917
-0.1360237
-0.06816834
0.03698887
0.1725903
0.3256255
0.4588542
0.5175911
0.4961472
0.4579978
0.4350041
0.4009411
0.325125
0.2091722
0.06003845
-0.1324014
-0.3648494
-0.5769313
-0.6764269
-0.6989539
-0.731967
-0.753681
-0.7220951
-0.628708
-0.4824115
-0.3103484
-0.1502729
-0.008113541
0.1324287
0.252794
0.3123192
0.2954325
0.2316957
0.1506095
0.04965135
-0.07731955
-0.2180268
-0.3425134
-0.4138569
-0.422666
-0.3901094
-0.3271451
-0.2308145
-0.09875241
0.06869619
0.2708104
0.4837145
0.6165045
0.5874156
0.5079275
0.4950345
0.5122292
0.4793054
0.3814306
0.2692565
0.1487601
-0.003734047
-0.1876633
-0.3679662
-0.4840357
-0.504742
-0.4765432
-0.428722
-0.3561788
-0.2568706
-0.1388897
-0.01168703
0.1175806
0.231349
0.29702
0.2933672
0.2372796
0.1547404
0.04556059
-0.1000276
-0.2752464
-0.4459216
-0.5563942
-0.5943034
-0.60441
-0.5981724
-0.5540978
-0.4595366
-0.3214433
-0.1573249
0.02425103
0.2344786
0.4602672
0.6074995
