0
0.01256604
0.03769415
0.07533085
0.1251501
0.1860107
0.2551168
0.3273784
0.3960493
0.4552064
0.5024054
0.5389408
0.5678612
0.5920327
0.6134026
0.633083
0.6516558
0.6694201
0.6865381
0.7031081
0.7191974
0.7348569
0.7501272
0.765042
0.7796299
0.7939149
0.8079181
0.8216576
0.8351493
0.8484071
0.8614434
0.8742691
0.8868937
0.8993261
0.9115739
0.923644
0.9355427
0.9472754
0.9588473
0.9702628
0.9815259
0.9926404
1.00361
1.014436
1.025123
1.035673
1.046087
1.056369
1.066518
1.076538
1.086429
1.096192
1.105829
1.11534
1.124727
1.13399
1.143129
1.152145
1.161039
1.16981
1.17846
1.186987
1.195393
1.203677
1.211839
1.219879
1.227798
1.235594
1.243268
1.250819
1.258248
1.265553
1.272736
1.279794
1.286728
1.293538
1.300223
1.306783
1.313217
1.319524
1.325705
1.331759
1.337685
1.343483
1.349153
1.354693
1.360104
1.365385
1.370536
1.375555
1.380444
1.3852
1.389823
1.394314
1.398671
1.402895
1.406984
1.410939
1.414758
1.418442
1.42199
1.425402
1.428677
1.431814
1.434815
1.437677
1.440401
1.442987
1.445434
1.447742
1.449911
1.45194
1.453829
1.455578
1.457186
1.458654
1.459982
1.461168
1.462214
1.463119
1.463882
1.464504
1.464984
1.465323
1.465521
1.465577
1.465492
1.465265
1.464896
1.464386
1.463735
1.462943
1.462009
1.460934
1.459719
1.458362
1.456866
1.455228
1.453451
1.451534
1.449477
1.44728
1.444944
1.44247
1.439857
1.437105
1.434216
1.431189
1.428025
1.424725
1.421287
1.417714
1.414005
1.410161
1.406183
1.40207
1.397823
1.393443
1.38893
1.384285
1.379508
1.374599
1.36956
1.36439
1.359091
1.353662
1.348104
1.342418
1.336605
1.330664
1.324596
1.318403
1.312084
1.305639
1.29907
1.292377
1.28556
1.27862
1.271557
1.264372
1.257065
1.249637
1.242087
1.234417
1.226626
1.218716
1.210685
1.202535
1.194265
1.185876
1.177368
1.168741
1.159995
1.151129
1.142144
1.13304
1.123816
1.114472
1.105008
1.095423
1.085716
1.075887
1.065934
1.055858
1.045657
1.035329
1.024873
1.014289
1.003573
0.9927242
0.9817403
0.970619
0.9593576
0.9479531
0.9364024
0.9247018
0.9128474
0.9008349
0.8886594
0.8763158
0.8637981
0.8510999
0.8382141
0.8251329
0.8118474
0.7983481
0.7846242
0.7706637
0.7564533
0.7419781
0.7272213
0.7121643
0.6967858
0.6810619
0.6649654
0.6484651
0.6315256
0.6141059
0.5961586
0.5776282
0.5584501
0.5385476
0.5178296
0.4961867
0.4734862
0.4495659
0.4242251
0.3972131
0.3682123
0.3368164
0.3024993
0.2645734
0.2221349
0.1739992
0.1186417
0.05420438
-0.02128121
-0.1091228
-0.2082004
-0.3124068
-0.4099609
-0.4887638
-0.5447431
-0.5827221
-0.6100315
-0.6319658
-0.6513139
-0.6693231
-0.6865126
-0.7031019
-0.719196
-0.7348566
-0.7501271
-0.765042
-0.7796299
-0.7939149
-0.8079181
-0.8216576
-0.8351493
-0.8484071
-0.8614434
-0.8742691
-0.8868937
-0.8993261
-0.9115739
-0.923644
-0.9355427
-0.9472754
-0.9588473
-0.9702628
-0.9815259
-0.9926404
-1.00361
-1.014436
-1.025123
-1.035673
-1.046087
-1.056369
-1.066518
-1.076538
-1.086429
-1.096192
-1.105829
-1.11534
-1.124727
-1.13399
-1.143129
-1.152145
-1.161039
-1.16981
-1.17846
-1.186987
-1.195393
-1.203677
-1.211839
-1.219879
-1.227798
-1.235594
-1.243268
-1.250819
-1.258248
-1.265553
-1.272736
-1.279794
-1.286728
-1.293538
-1.300223
-1.306783
-1.313217
-1.319524
-1.325705
-1.331759
-1.337685
-1.343483
-1.349153
-1.354693
-1.360104
-1.365385
-1.370536
-1.375555
-1.380444
-1.3852
-1.389823
-1.394314
-1.398671
-1.402895
-1.406984
-1.410939
-1.414758
-1.418442
-1.42199
-1.425402
-1.428677
-1.431814
-1.434815
-1.437677
-1.440401
-1.442987
-1.445434
-1.447742
-1.449911
-1.45194
-1.453829
-1.455578
-1.457186
-1.458654
-1.459982
-1.461168
-1.462214
-1.463119
-1.463882
-1.464504
-1.464984
-1.465323
-1.465521
-1.465577
-1.465492
-1.465265
-1.464896
-1.464386
-1.463735
-1.462943
-1.462009
-1.460934
-1.459719
-1.458362
-1.456866
-1.455228
-1.453451
-1.451534
-1.449477
-1.44728
-1.444944
-1.44247
-1.439857
-1.437105
-1.434216
-1.431189
-1.428025
-1.424725
-1.421287
-1.417714
-1.414005
-1.410161
-1.406183
-1.40207
-1.397823
-1.393443
-1.38893
-1.384285
-1.379508
-1.374599
-1.36956
-1.36439
-1.359091
-1.353662
-1.348104
-1.342418
-1.336605
-1.330664
-1.324596
-1.318403
-1.312084
-1.305639
-1.29907
-1.292377
-1.28556
-1.27862
-1.271557
-1.264372
-1.257065
-1.249637
-1.242087
-1.234417
-1.226626
-1.218716
-1.210685
-1.202535
-1.194265
-1.185876
-1.177368
-1.168741
-1.159995
-1.151129
-1.142144
-1.13304
-1.123816
-1.114472
-1.105008
-1.095423
-1.085716
-1.075887
-1.065934
-1.055858
-1.045657
-1.035329
-1.024873
-1.014289
-1.003573
-0.9927242
-0.9817403
-0.970619
-0.9593576
-0.9479531
-0.9364024
-0.9247018
-0.9128474
-0.9008349
-0.8886594
-0.8763158
-0.8637981
-0.8510999
-0.8382141
-0.8251329
-0.8118474
-0.7983481
-0.7846242
-0.7706637
-0.7564533
-0.7419781
-0.7272213
-0.7121643
-0.6967858
-0.6810619
-0.6649654
-0.6484651
-0.6315256
-0.6141059
-0.5961586
-0.5776282
-0.5584501
-0.5385476
-0.5178296
-0.4961867
-0.4734862
-0.4495659
-0.4242251
-0.3972131
-0.3682123
-0.3368164
-0.3024993
-0.2645734
-0.2221349
-0.1739992
-0.1186417
-0.05420438
0.02128121
0.1091228
0.2082004
0.3124068
0.4099609
0.4887638
0.5447431
0.5827221
0.6100315
0.6319658
0.6513139
0.6693231
0.6865126
0.7031019
0.719196
0.7348566
0.7501271
0.765042
0.7796299
0.7939149
0.8079181
0.8216576
0.8351493
0.8484071
0.8614434
0.8742691
0.8868937
0.8993261
0.9115739
0.923644
0.9355427
0.9472754
0.9588473
0.9702628
0.9815259
0.9926404
1.00361
1.014436
1.025123
1.035673
1.046087
1.056369
1.066518
1.076538
1.086429
1.096192
1.105829
1.11534
1.124727
1.13399
1.143129
1.152145
1.161039
1.16981
1.17846
1.186987
1.195393
1.203677
1.211839
1.219879
1.227798
1.235594
1.243268
1.250819
1.258248
1.265553
1.272736
1.279794
1.286728
1.293538
1.300223
1.306783
1.313217
1.319524
1.325705
1.331759
1.337685
1.343483
1.349153
1.354693
1.360104
1.365385
1.370536
1.375555
1.380444
1.3852
1.389823
1.394314
1.398671
1.402895
1.406984
1.410939
1.414758
1.418442
1.42199
1.425402
1.428677
1.431814
1.434815
1.437677
1.440401
1.442987
1.445434
1.447742
1.449911
1.45194
1.453829
1.455578
1.457186
1.458654
1.459982
1.461168
1.462214
1.463119
1.463882
1.464504
1.464984
1.465323
1.465521
1.465577
1.465492
1.465265
1.464896
1.464386
1.463735
1.462943
1.462009
1.460934
1.459719
1.458362
1.456866
1.455228
1.453451
1.451534
1.449477
1.44728
1.444944
1.44247
1.439857
1.437105
1.434216
1.431189
1.428025
1.424725
1.421287
1.417714
1.414005
1.410161
1.406183
1.40207
1.397823
1.393443
1.38893
1.384285
1.379508
1.374599
1.36956
1.36439
1.359091
1.353662
1.348104
1.342418
1.336605
1.330664
1.324596
1.318403
1.312084
1.305639
1.29907
1.292377
1.28556
1.27862
1.271557
1.264372
1.257065
1.249637
1.242087
1.234417
1.226626
1.218716
1.210685
1.202535
1.194265
1.185876
1.177368
1.168741
1.159995
1.151129
1.142144
1.13304
1.123816
1.114472
1.105008
1.095423
1.085716
1.075887
1.065934
1.055858
1.045657
1.035329
1.024873
1.014289
1.003573
0.9927242
0.9817403
0.970619
0.9593576
0.9479531
0.9364024
0.9247018
0.9128474
0.9008349
0.8886594
0.8763158
0.8637981
0.8510999
0.8382141
0.8251329
0.8118474
0.7983481
0.7846242
0.7706637
0.7564533
0.7419781
0.7272213
0.7121643
0.6967858
0.6810619
0.6649654
0.6484651
0.6315256
0.6141059
0.5961586
0.5776282
0.5584501
0.5385476
0.5178296
0.4961867
0.4734862
0.4495659
0.4242251
0.3972131
0.3682123
0.3368164
0.3024993
0.2645734
0.2221349
0.1739992
0.1186417
0.05420438
-0.02128121
-0.1091228
-0.2082004
-0.3124068
-0.4099609
-0.4887638
-0.5447431
-0.5827221
-0.6100315
-0.6319658
-0.6513139
-0.6693231
-0.6865126
-0.7031019
-0.719196
-0.7348566
-0.7501271
-0.765042
-0.7796299
-0.7939149
-0.8079181
-0.8216576
-0.8351493
-0.8484071
-0.8614434
-0.8742691
-0.8868937
-0.8993261
-0.9115739
-0.923644
-0.9355427
-0.9472754
-0.9588473
-0.9702628
-0.9815259
-0.9926404
-1.00361
-1.014436
-1.025123
-1.035673
-1.046087
-1.056369
-1.066518
-1.076538
-1.086429
-1.096192
-1.105829
-1.11534
-1.124727
-1.13399
-1.143129
-1.152145
-1.161039
-1.16981
-1.17846
-1.186987
-1.195393
-1.203677
-1.211839
-1.219879
-1.227798
-1.235594
-1.243268
-1.250819
-1.258248
-1.265553
-1.272736
-1.279794
-1.286728
-1.293538
-1.300223
-1.306783
-1.313217
-1.319524
-1.325705
-1.331759
-1.337685
-1.343483
-1.349153
-1.354693
-1.360104
-1.365385
-1.370536
-1.375555
-1.380444
-1.3852
-1.389823
-1.394314
-1.398671
-1.402895
-1.406984
-1.410939
-1.414758
-1.418442
-1.42199
-1.425402
-1.428677
-1.431814
-1.434815
-1.437677
-1.440401
-1.442987
-1.445434
-1.447742
-1.449911
-1.45194
-1.453829
-1.455578
-1.457186
-1.458654
-1.459982
-1.461168
-1.462214
-1.463119
-1.463882
-1.464504
-1.464984
-1.465323
-1.465521
-1.465577
-1.465492
-1.465265
-1.464896
-1.464386
-1.463735
-1.462943
-1.462009
-1.460934
-1.459719
-1.458362
-1.456866
-1.455228
-1.453451
-1.451534
-1.449477
-1.44728
-1.444944
-1.44247
-1.439857
-1.437105
-1.434216
-1.431189
-1.428025
-1.424725
-1.421287
-1.417714
-1.414005
-1.410161
-1.406183
-1.40207
-1.397823
-1.393443
-1.38893
-1.384285
-1.379508
-1.374599
-1.36956
-1.36439
-1.359091
-1.353662
-1.348104
-1.342418
-1.336605
-1.330664
-1.324596
-1.318403
-1.312084
-1.305639
-1.29907
-1.292377
-1.28556
-1.27862
-1.271557
-1.264372
-1.257065
-1.249637
-1.242087
-1.234417
-1.226626
-1.218716
-1.210685
-1.202535
-1.194265
-1.185876
-1.177368
-1.168741
-1.159995
-1.151129
-1.142144
-1.13304
-1.123816
-1.114472
-1.105008
-1.095423
-1.085716
-1.075887
-1.065934
-1.055858
-1.045657
-1.035329
-1.024873
-1.014289
-1.003573
-0.9927242
-0.9817403
-0.970619
-0.9593576
-0.9479531
-0.9364024
-0.9247018
-0.9128474
-0.9008349
-0.8886594
-0.8763158
-0.8637981
-0.8510999
-0.8382141
-0.8251329
-0.8118474
-0.7983481
-0.7846242
-0.7706637
-0.7564533
-0.7419781
-0.7272213
-0.7121643
-0.6967858
-0.6810619
-0.6649654
-0.6484651
-0.6315256
-0.6141059
-0.5961586
-0.5776282
-0.5584501
-0.5385476
-0.5178296
-0.4961867
-0.4734862
-0.4495659
-0.4242251
-0.3972131
-0.3682123
-0.3368164
-0.3024993
-0.2770968
-0.257002
-0.2399753
-0.2243878
-0.2089388
-0.192551
-0.1743357
-0.1535818
-0.1297499
-0.1024671
-0.07152832
-0.03691391
0.001162988
0.04217377
0.08516747
0.1286862
0.1707906
0.2092863
0.2421566
0.2680449
0.2865356
0.2980986
0.3037816
0.3048521
0.3025366
0.2978895
0.2917577
0.2847959
0.2775002
0.2702441
0.2633117
0.2569254
0.2512715
0.246522
0.2428562
0.2404809
0.2396515
0.2406919
0.2440127
0.2501243
0.2596388
0.2732524
0.2916968
0.3156481
0.3455893
0.3816397
0.4234043
0.4699306
0.5198534
0.5717134
0.6242953
0.6767836
0.7286819
0.7796144
0.8291647
0.8768139
0.9219481
0.9638947
1.001964
1.035493
1.063882
1.086638
1.103406
1.113994
1.118387
1.116751
1.109427
1.096908
1.07981
1.058844
1.034778
1.008399
0.9804876
0.9517893
0.922997
0.8947395
0.8675759
0.8419959
0.8184247
0.7972297
0.7787303
0.7632074
0.7509129
0.7420783
0.736921
0.7356489
0.7384609
0.7455451
0.7570734
0.7731932
0.7940184
0.8196195
0.8500147
0.8851634
0.9249602
0.9692303
1.017723
1.070104
1.125941
1.184694
1.245699
1.308159
1.371141
1.433578
1.49429
1.55201
1.605427
1.653239
1.694216
1.727257
1.751455
1.766149
1.770964
1.765833
1.751005
1.727029
1.694723
1.655127
1.609443
1.558974
1.505057
1.449003
1.392051
1.335322
1.279799
1.226316
1.175555
1.128059
1.084243
1.04442
1.008816
0.9775916
0.9508595
0.9286987
0.9111658
0.8983031
0.8901428
0.8867079
0.8880097
0.8940427
0.9047771
0.9201494
0.940053
0.9643279
0.9927517
1.025031
1.060791
1.099573
1.140822
1.183883
1.227998
1.272311
1.315871
1.35765
1.396568
1.431528
1.461458
1.485357
1.502345
1.511717
1.512978
1.50588
1.490439
1.466938
1.435911
1.398114
1.354482
1.306071
1.254008
1.199426
1.143416
1.086987
1.031032
0.9763146
0.9234632
0.8729736
0.8252215
0.7804772
0.7389223
0.7006668
0.6657643
0.6342263
0.6060345
0.5811521
0.5595326
0.5411278
0.5258945
0.5137985
0.5048167
0.4989355
0.4961466
0.4964374
0.4997783
0.5061059
0.5153047
0.5271897
0.5414925
0.557855
0.5758317
0.5949016
0.6144864
0.6339722
0.6527316
0.6701426
0.6856063
0.6985635
0.7085108
0.7150172
0.7177406
0.7164424
0.7109989
0.7014075
0.6877877
0.670374
0.6495052
0.6256064
0.5991695
0.5707314
0.5408531
0.5101005
0.4790275
0.4481621
0.4179942
0.3889651
0.3614572
0.3357839
0.3121798
0.2907932
0.2716813
0.2548106
0.2400651
0.2272601
0.2161634
0.206519
0.1980712
0.1905859
0.1838655
0.1777566
0.1721504
0.166977
0.162195
0.1577803
0.1537152
0.1499801
0.1465493
0.1433897
0.1404638
0.1377341
0.1351683
0.132743
0.130446
0.1282754
0.126236
0.1243343
0.1225729
0.1209454
0.1194344
0.1180119
0.1166437
0.1152964
0.1139454
0.1125813
0.1112126
0.1098618
0.1085516
0.1072822
0.1059972
0.1045431
0.1026227
0.09974928
0.09520603
0.0880152
0.07691899
0.06037211
0.03654607
0.003356983
-0.04143297
-0.09990205
-0.1731657
-0.2597769
-0.3537054
-0.4442175
-0.5205475
-0.578373
-0.6203829
-0.651431
-0.6750159
-0.6928685
-0.7056984
-0.7138241
-0.7174845
-0.7169564
-0.7125861
-0.7047889
-0.6940357
-0.6808349
-0.6657133
-0.6491985
-0.6318033
-0.6140139
-0.5962814
-0.5790177
-0.5625943
-0.5473446
-0.5335685
-0.5215392
-0.5115113
-0.50373
-0.498439
-0.4958888
-0.4963417
-0.5000725
-0.5073651
-0.5185016
-0.5337445
-0.5533136
-0.5773603
-0.605945
-0.6390241
-0.6764502
-0.717986
-0.7633239
-0.8121035
-0.8639172
-0.9183047
-0.9747376
-1.032602
-1.091187
-1.149673
-1.207142
-1.262588
-1.314946
-1.363129
-1.406076
-1.442803
-1.472458
-1.494369
-1.508086
-1.51341
-1.510402
-1.499385
-1.480921
-1.455777
-1.424882
-1.389276
-1.350055
-1.308323
-1.265147
-1.221521
-1.178346
-1.136408
-1.096383
-1.058835
-1.024228
-0.9929382
-0.9652692
-0.9414671
-0.9217342
-0.9062409
-0.8951355
-0.88855
-0.886604
-0.8894049
-0.8970444
-0.9095938
-0.9270964
-0.9495588
-0.9769419
-1.009152
-1.04603
-1.087345
-1.13278
-1.181923
-1.234252
-1.289127
-1.345779
-1.403306
-1.460674
-1.516736
-1.570248
-1.619915
-1.664431
-1.702538
-1.733086
-1.755097
-1.767815
-1.770756
-1.763738
-1.746896
-1.720674
-1.685803
-1.64326
-1.594211
-1.539947
-1.481819
-1.421171
-1.359282
-1.297323
-1.236321
-1.177147
-1.12051
-1.066962
-1.016919
-0.9706773
-0.9284358
-0.8903179
-0.8563907
-0.8266818
-0.8011935
-0.7799135
-0.7628221
-0.749897
-0.7411139
-0.7364449
-0.7358528
-0.739283
-0.746653
-0.7578412
-0.7726754
-0.790923
-0.8122833
-0.8363836
-0.8627769
-0.8909431
-0.9202916
-0.9501663
-0.9798525
-1.008587
-1.035576
-1.060009
-1.081093
-1.098075
-1.11028
-1.117141
-1.118234
-1.113299
-1.102261
-1.085235
-1.062518
-1.034576
-1.002014
-0.9655403
-0.9259304
-0.8839843
-0.8404914
-0.7962006
-0.7517973
-0.7078882
-0.6649949
-0.6235516
-0.5839082
-0.5463358
-0.5110327
-0.4781314
-0.4477055
-0.4197759
-0.3943177
-0.3712679
-0.3505334
-0.3319994
-0.3155395
-0.3010242
-0.2883307
-0.2773507
-0.2679976
-0.2602121
-0.2539661
-0.2492643
-0.2461435
-0.2446677
-0.2449193
-0.2469843
-0.250932
-0.2567892
-0.2645106
-0.27395
-0.2848367
-0.2967649
-0.3092027
-0.3215224
-0.3330512
-0.3431331
-0.351189
-0.3567631
-0.35955
-0.3594005
-0.3563144
-0.3504234
-0.3419729
-0.3313025
-0.3188277
-0.3050206
-0.2903892
-0.2754542
-0.2607208
-0.2466465
-0.2336058
-0.2218529
-0.2114885
-0.2024341
-0.1944224
-0.1870052
-0.179583
-0.1714521
-0.1618633
-0.1500828
-0.1354452
-0.1173936
-0.09550493
-0.06950708
-0.03929875
-0.004987832
0.03303896
0.07401372
0.116679
0.159244
0.1995064
0.2352057
0.2645285
0.2865303
0.3012494
0.3094886
0.312447
0.3113937
0.3074749
0.3016384
0.2946303
0.2870224
0.2792473
0.2716324
0.2644281
0.2578332
0.2520171
0.2471397
0.2433716
0.2409133
0.2400154
0.2409986
0.2442707
0.2503404
0.2598182
0.2733993
0.2918144
0.3157395
0.3456574
0.3816875
0.4234354
0.469949
0.519863
0.5717178
0.6242969
0.6767841
0.7286821
0.7796144
0.8291647
0.8768139
0.9219481
0.9638947
1.001964
1.035493
1.063882
1.086638
1.103406
1.113994
1.118387
1.116751
1.109427
1.096908
1.07981
1.058844
1.034778
1.008399
0.9804876
0.9517893
0.922997
0.8947395
0.8675759
0.8419959
0.8184247
0.7972297
0.7787303
0.7632074
0.7509129
0.7420783
0.736921
0.7356489
0.7384609
0.7455451
0.7570734
0.7731932
0.7940184
0.8196195
0.8500147
0.8851634
0.9249602
0.9692303
1.017723
1.070104
1.125941
1.184694
1.245699
1.308159
1.371141
1.433578
1.49429
1.55201
1.605427
1.653239
1.694216
1.727257
1.751455
1.766149
1.770964
1.765833
1.751005
1.727029
1.694723
1.655127
1.609443
1.558974
1.505057
1.449003
1.392051
1.335322
1.279799
1.226316
1.175555
1.128059
1.084243
1.04442
1.008816
0.9775916
0.9508595
0.9286987
0.9111658
0.8983031
0.8901428
0.8867079
0.8880097
0.8940427
0.9047771
0.9201494
0.940053
0.9643279
0.9927517
1.025031
1.060791
1.099573
1.140822
1.183883
1.227998
1.272311
1.315871
1.35765
1.396568
1.431528
1.461458
1.485357
1.502345
1.511717
1.512978
1.50588
1.490439
1.466938
1.435911
1.398114
1.354482
1.306071
1.254008
1.199426
1.143416
1.086987
1.031032
0.9763146
0.9234632
0.8729736
0.8252215
0.7804772
0.7389223
0.7006668
0.6657643
0.6342263
0.6060345
0.5811521
0.5595326
0.5411278
0.5258945
0.5137985
0.5048167
0.4989355
0.4961466
0.4964374
0.4997783
0.5061059
0.5153047
0.5271897
0.5414925
0.557855
0.5758317
0.5949016
0.6144864
0.6339722
0.6527316
0.6701426
0.6856063
0.6985635
0.7085108
0.7150172
0.7177406
0.7164424
0.7109989
0.7014075
0.6877877
0.670374
0.6495052
0.6256064
0.5991695
0.5707314
0.5408531
0.5101005
0.4790275
0.4481621
0.4179942
0.3889651
0.3614572
0.3357839
0.3121798
0.2907932
0.2716813
0.2548106
0.2400651
0.2272601
0.2161634
0.206519
0.1980712
0.1905859
0.1838655
0.1777566
0.1721504
0.166977
0.162195
0.1577803
0.1537152
0.1499801
0.1465493
0.1433897
0.1404638
0.1377341
0.1351683
0.132743
0.130446
0.1282754
0.126236
0.1243343
0.1225729
0.1209454
0.1194344
0.1180119
0.1166437
0.1152964
0.1139454
0.1125813
0.1112126
0.1098618
0.1085516
0.1072822
0.1059972
0.1045431
0.1026227
0.09974928
0.09520603
0.0880152
0.07691899
0.06037211
0.03654607
0.003356983
-0.04143297
-0.09990205
-0.1731657
-0.2597769
-0.3537054
-0.4442175
-0.5205475
-0.578373
-0.6203829
-0.651431
-0.6750159
-0.6928685
-0.7056984
-0.7138241
-0.7174845
-0.7169564
-0.7125861
-0.7047889
-0.6940357
-0.6808349
-0.6657133
-0.6491985
-0.6318033
-0.6140139
-0.5962814
-0.5790177
-0.5625943
-0.5473446
-0.5335685
-0.5215392
-0.5115113
-0.50373
-0.498439
-0.4958888
-0.4963417
-0.5000725
-0.5073651
-0.5185016
-0.5337445
-0.5533136
-0.5773603
-0.605945
-0.6390241
-0.6764502
-0.717986
-0.7633239
-0.8121035
-0.8639172
-0.9183047
-0.9747376
-1.032602
-1.091187
-1.149673
-1.207142
-1.262588
-1.314946
-1.363129
-1.406076
-1.442803
-1.472458
-1.494369
-1.508086
-1.51341
-1.510402
-1.499385
-1.480921
-1.455777
-1.424882
-1.389276
-1.350055
-1.308323
-1.265147
-1.221521
-1.178346
-1.136408
-1.096383
-1.058835
-1.024228
-0.9929382
-0.9652692
-0.9414671
-0.9217342
-0.9062409
-0.8951355
-0.88855
-0.886604
-0.8894049
-0.8970444
-0.9095938
-0.9270964
-0.9495588
-0.9769419
-1.009152
-1.04603
-1.087345
-1.13278
-1.181923
-1.234252
-1.289127
-1.345779
-1.403306
-1.460674
-1.516736
-1.570248
-1.619915
-1.664431
-1.702538
-1.733086
-1.755097
-1.767815
-1.770756
-1.763738
-1.746896
-1.720674
-1.685803
-1.64326
-1.594211
-1.539947
-1.481819
-1.421171
-1.359282
-1.297323
-1.236321
-1.177147
-1.12051
-1.066962
-1.016919
-0.9706773
-0.9284358
-0.8903179
-0.8563907
-0.8266818
-0.8011935
-0.7799135
-0.7628221
-0.749897
-0.7411139
-0.7364449
-0.7358528
-0.739283
-0.746653
-0.7578412
-0.7726754
-0.790923
-0.8122833
-0.8363836
-0.8627769
-0.8909431
-0.9202916
-0.9501663
-0.9798525
-1.008587
-1.035576
-1.060009
-1.081093
-1.098075
-1.11028
-1.117141
-1.118234
-1.113299
-1.102261
-1.085235
-1.062518
-1.034576
-1.002014
-0.9655403
-0.9259304
-0.8839843
-0.8404914
-0.7962006
-0.7517973
-0.7078882
-0.6649949
-0.6235516
-0.5839082
-0.5463358
-0.5110327
-0.4781314
-0.4477055
-0.4197759
-0.3943177
-0.3712679
-0.3505334
-0.3319994
-0.3155395
-0.3010242
-0.2883307
-0.2773507
-0.2679976
-0.2602121
-0.2539661
-0.2492643
-0.2461435
-0.2446677
-0.2449193
-0.2469843
-0.250932
-0.2567892
-0.2645106
-0.27395
-0.2848367
-0.2967649
-0.3092027
-0.3215224
-0.3330512
-0.3431331
-0.351189
-0.3567631
-0.35955
-0.3594005
-0.3563144
-0.3504234
-0.3419729
-0.3313025
-0.3188277
-0.3050206
-0.2903892
-0.2754542
-0.2607208
-0.2466465
-0.2336058
-0.2218529
-0.2114885
-0.2024341
