0.4999706
0.5035186
0.5106135
0.5212402
0.5353066
0.5524905
0.5720025
0.5924055
0.6117946
0.6284976
0.6418241
0.6521399
0.6603055
0.6671303
0.673164
0.6787208
0.6839648
0.6889805
0.6938138
0.6984923
0.7030351
0.7074565
0.7117681
0.7159793
0.7200981
0.7241315
0.7280853
0.7319646
0.7357739
0.7395173
0.7431981
0.7468194
0.7503839
0.7538942
0.7573523
0.7607603
0.7641199
0.7674326
0.7706999
0.7739231
0.7771032
0.7802414
0.7833385
0.7863954
0.7894129
0.7923915
0.795332
0.7982349
0.8011006
0.8039296
0.8067223
0.809479
0.8122
0.8148855
0.8175359
0.8201512
0.8227316
0.8252774
0.8277885
0.8302651
0.8327072
0.8351149
0.8374882
0.8398272
0.8421318
0.8444019
0.8466377
0.8488389
0.8510057
0.8531378
0.8552353
0.857298
0.8593259
0.8613188
0.8632767
0.8651995
0.8670869
0.868939
0.8707556
0.8725366
0.8742817
0.875991
0.8776643
0.8793014
0.8809022
0.8824666
0.8839944
0.8854854
0.8869397
0.8883569
0.8897371
0.8910799
0.8923854
0.8936534
0.8948837
0.8960762
0.8972308
0.8983474
0.8994258
0.900466
0.9014677
0.902431
0.9033556
0.9042416
0.9050887
0.9058969
0.9066661
0.9073962
0.9080871
0.9087387
0.909351
0.9099239
0.9104573
0.9109511
0.9114053
0.9118198
0.9121946
0.9125296
0.9128249
0.9130803
0.9132958
0.9134714
0.913607
0.9137028
0.9137586
0.9137744
0.9137503
0.9136862
0.9135822
0.9134382
0.9132544
0.9130306
0.912767
0.9124636
0.9121203
0.9117374
0.9113147
0.9108525
0.9103506
0.9098093
0.9092284
0.9086083
0.9079488
0.9072501
0.9065123
0.9057355
0.9049197
0.9040651
0.9031718
0.9022398
0.9012693
0.9002604
0.8992132
0.8981279
0.8970045
0.8958432
0.8946442
0.8934075
0.8921333
0.8908217
0.8894728
0.8880869
0.8866641
0.8852044
0.8837081
0.8821753
0.8806061
0.8790007
0.8773592
0.8756819
0.8739687
0.87222
0.8704357
0.8686162
0.8667614
0.8648716
0.8629469
0.8609874
0.8589932
0.8569645
0.8549014
0.852804
0.8506724
0.8485067
0.846307
0.8440734
0.841806
0.8395048
0.8371698
0.8348012
0.832399
0.8299631
0.8274936
0.8249904
0.8224536
0.819883
0.8172787
0.8146405
0.8119682
0.8092618
0.8065211
0.8037458
0.8009358
0.7980908
0.7952104
0.7922944
0.7893423
0.7863537
0.7833281
0.780265
0.7771637
0.7740237
0.770844
0.767624
0.7643626
0.761059
0.7577119
0.7543202
0.7508825
0.7473973
0.7438629
0.7402776
0.7366393
0.7329458
0.7291947
0.7253832
0.7215083
0.7175665
0.7135542
0.7094672
0.7053006
0.7010493
0.6967072
0.6922676
0.6877227
0.6830639
0.6782811
0.6733626
0.6682952
0.6630632
0.6576483
0.6520289
0.6461792
0.6400683
0.6336588
0.626905
0.61975
0.6121232
0.6039349
0.5950703
0.5853809
0.5746726
0.5626901
0.5490991
0.533469
0.5152752
0.4939619
0.46916
0.4411855
0.411763
0.3842187
0.3619688
0.3461631
0.3354398
0.327729
0.3215359
0.316073
0.3109881
0.3061347
0.3014507
0.2969066
0.2924848
0.2881732
0.283962
0.2798432
0.2758098
0.271856
0.2679767
0.2641673
0.260424
0.2567432
0.2531219
0.2495573
0.2460471
0.2425889
0.2391809
0.2358214
0.2325086
0.2292413
0.2260182
0.2228381
0.2196999
0.2166028
0.2135459
0.2105284
0.2075497
0.2046092
0.2017064
0.1988406
0.1960116
0.1932189
0.1904623
0.1877413
0.1850557
0.1824054
0.1797901
0.1772096
0.1746639
0.1721528
0.1696762
0.1672341
0.1648264
0.162453
0.1601141
0.1578095
0.1555393
0.1533036
0.1511023
0.1489356
0.1468035
0.144706
0.1426433
0.1406154
0.1386224
0.1366645
0.1347418
0.1328543
0.1310022
0.1291857
0.1274047
0.1256595
0.1239502
0.122277
0.1206399
0.1190391
0.1174747
0.1159469
0.1144558
0.1130016
0.1115843
0.1102042
0.1088613
0.1075559
0.1062879
0.1050576
0.1038651
0.1027105
0.1015939
0.1005155
0.0994753
0.09847353
0.09751027
0.09658561
0.09569968
0.09485256
0.09404435
0.09327516
0.09254506
0.09185416
0.09120252
0.09059024
0.09001738
0.089484
0.08899019
0.08853599
0.08812146
0.08774665
0.08741162
0.08711639
0.086861
0.0866455
0.0864699
0.08633422
0.08623848
0.08618269
0.08616686
0.08619098
0.08625506
0.08635909
0.08650305
0.08668691
0.08691067
0.08717428
0.08747771
0.08782092
0.08820388
0.08862652
0.0890888
0.08959065
0.09013201
0.09071282
0.091333
0.09199247
0.09269115
0.09342895
0.09420578
0.09502156
0.09587616
0.09676951
0.09770148
0.09867197
0.09968086
0.100728
0.1018134
0.1029367
0.104098
0.1052971
0.1065338
0.107808
0.1091196
0.1104684
0.1118543
0.1132772
0.1147369
0.1162332
0.117766
0.1193352
0.1209406
0.122582
0.1242594
0.1259725
0.1277213
0.1295055
0.1313251
0.1331799
0.1350697
0.1369944
0.1389539
0.1409481
0.1429768
0.1450399
0.1471373
0.1492689
0.1514346
0.1536343
0.1558679
0.1581353
0.1604365
0.1627714
0.16514
0.1675423
0.1699782
0.1724477
0.1749508
0.1774877
0.1800582
0.1826626
0.1853008
0.1879731
0.1906795
0.1934202
0.1961954
0.1990054
0.2018505
0.2047308
0.2076469
0.210599
0.2135875
0.2166131
0.2196763
0.2227775
0.2259176
0.2290973
0.2323173
0.2355786
0.2388823
0.2422294
0.2456211
0.2490588
0.252544
0.2560784
0.2596637
0.263302
0.2669954
0.2707466
0.2745581
0.278433
0.2823747
0.286387
0.2904741
0.2946406
0.298892
0.3032341
0.3076737
0.3122185
0.3168773
0.3216602
0.3265786
0.331646
0.3368781
0.342293
0.3479124
0.3537621
0.359873
0.3662824
0.3730363
0.3801912
0.387818
0.3960064
0.404871
0.4145604
0.4217327
0.4274065
0.4322139
0.436615
0.440977
0.4456041
0.4507472
0.456607
0.4633359
0.4710392
0.4797747
0.489548
0.500299
0.5118783
0.5240176
0.536305
0.5481931
0.5590623
0.5683432
0.5756528
0.5808736
0.5841384
0.585743
0.5860452
0.5853914
0.5840793
0.582348
0.5803824
0.5783225
0.5762737
0.5743163
0.5725132
0.5709168
0.5695758
0.5685408
0.5678701
0.5676359
0.5679297
0.5688673
0.5705929
0.5732793
0.5771231
0.5823308
0.5890935
0.5975473
0.6077261
0.6195183
0.6326549
0.6467506
0.6613932
0.6762396
0.6910596
0.705713
0.7200937
0.7340842
0.7475379
0.7602815
0.7721251
0.782874
0.7923407
0.8003563
0.8067815
0.811516
0.8145054
0.8157457
0.8152839
0.813216
0.8096811
0.8048535
0.798934
0.7921388
0.7846908
0.77681
0.7687071
0.7605776
0.7525992
0.7449296
0.7377071
0.7310518
0.7250674
0.7198441
0.7154613
0.7119899
0.7094955
0.7080393
0.7076801
0.7084741
0.7104743
0.7137293
0.7182807
0.7241607
0.7313891
0.7399712
0.7498954
0.7611319
0.7736316
0.7873235
0.8021131
0.8178786
0.8344674
0.851692
0.8693276
0.8871104
0.9047395
0.9218815
0.9381786
0.9532607
0.9667606
0.9783303
0.9876594
0.9944917
0.9986406
1
0.9985513
0.9943646
0.9875951
0.9784736
0.9672936
0.9543948
0.9401449
0.9249214
0.9090949
0.8930144
0.876997
0.8613203
0.8462194
0.8318872
0.8184765
0.8061052
0.7948612
0.7848085
0.7759923
0.7684446
0.7621875
0.7572371
0.7536053
0.7513013
0.7503314
0.750699
0.7524024
0.7554333
0.7597736
0.7653934
0.7722474
0.7802728
0.7893867
0.7994837
0.8104338
0.8220803
0.8342384
0.8466944
0.8592061
0.8715051
0.8833013
0.8942898
0.9041608
0.9126115
0.9193592
0.9241559
0.926802
0.927158
0.9251538
0.9207941
0.9141586
0.9053981
0.8947263
0.8824067
0.8687382
0.8540383
0.838627
0.8228127
0.8068799
0.7910811
0.7756318
0.7607093
0.7464536
0.7329708
0.7203373
0.7086044
0.697803
0.6879483
0.6790436
0.6710837
0.6640582
0.6579539
0.6527574
0.6484563
0.645041
0.642505
0.6408444
0.640057
0.6401391
0.6410824
0.642869
0.6454662
0.648822
0.6528603
0.6574803
0.662556
0.6679403
0.6734701
0.6789719
0.6842686
0.6891845
0.6935507
0.6972091
0.7000177
0.7018548
0.7026238
0.7022572
0.7007202
0.6980121
0.6941666
0.6892499
0.6833576
0.6766098
0.6691454
0.6611159
0.6526798
0.6439968
0.6352234
0.6265086
0.6179907
0.6097944
0.6020276
0.5947788
0.5881142
0.5820757
0.5766795
0.5719161
0.5677527
0.5641372
0.5610041
0.558281
0.5558958
0.5537823
0.5518848
0.55016
0.5485771
0.5471164
0.5457662
0.5445197
0.5433719
0.5423173
0.5413486
0.5404565
0.5396304
0.5388597
0.5381352
0.5374504
0.5368019
0.536189
0.5356132
0.5350763
0.5345789
0.5341194
0.5336928
0.5332911
0.5329048
0.5325244
0.532143
0.5317578
0.5313714
0.53099
0.53062
0.5302616
0.5298988
0.5294883
0.528946
0.5281347
0.5268519
0.5248216
0.5216886
0.5170166
0.5102894
0.5009185
0.4882721
0.4717634
0.4510775
0.426623
0.4001024
0.3745464
0.3529947
0.3366678
0.3248063
0.3160399
0.3093808
0.3043401
0.3007176
0.2984233
0.2973898
0.2975389
0.2987729
0.3009744
0.3040105
0.3077378
0.3120073
0.3166703
0.3215818
0.3266046
0.3316114
0.3364857
0.3411229
0.3454286
0.3493183
0.3527147
0.3555461
0.3577431
0.359237
0.3599571
0.3598292
0.3587758
0.3567167
0.3535724
0.3492686
0.3437433
0.3369537
0.3288829
0.319543
0.3089758
0.2972482
0.2844471
0.2706743
0.2560447
0.2406885
0.2247547
0.2084167
0.1918755
0.175362
0.1591357
0.1434805
0.1286973
0.1150929
0.1029669
0.0925971
0.08422407
0.07803749
0.07416441
0.07266134
0.07351058
0.07662118
0.08183455
0.08893394
0.09765706
0.1077104
0.1187844
0.1305674
0.1427581
0.1550756
0.1672663
0.1791074
0.1904084
0.20101
0.2107812
0.2196158
0.2274281
0.2341486
0.2397202
0.2440947
0.2472303
0.2490897
0.2496391
0.2488483
0.2466913
0.243148
0.2382062
0.2318639
0.2241324
0.2150379
0.2046254
0.1929601
0.1801316
0.1662563
0.1514813
0.1359873
0.1199916
0.1037491
0.08755111
0.07172226
0.05661301
0.04258963
0.03002069
0.0192613
0.01063592
0.004421241
0.0008303805
1.25388e-16
0.001981448
0.006736856
0.01414063
0.02398632
0.03599829
0.04984732
0.06516863
0.08158096
0.09870489
0.1161791
0.1336733
0.150897
0.1676046
0.1835962
0.1987154
0.2128449
0.2259012
0.237828
0.2485905
0.2581698
0.2665581
0.2737547
0.2797631
0.2845888
0.2882382
0.2907181
0.2920364
0.2922035
0.291235
0.2891541
0.2859952
0.2818067
0.2766546
0.2706235
0.2638188
0.2563667
0.248414
0.2401275
0.2316924
0.2233106
0.2151973
0.2075772
0.2006784
0.1947254
0.1899305
0.1864845
0.1845472
0.1842387
0.1856321
0.1887486
0.193556
0.1999701
0.2078595
0.2170534
0.2273516
0.2385354
0.2503788
0.262659
0.2751644
0.2877017
0.3000993
0.3122102
0.3239117
0.3351049
0.3457134
0.3556812
0.3649708
0.3735616
0.3814475
0.3886355
0.3951436
0.400998
0.406231
0.4108785
0.4149769
0.4185608
0.421661
0.4243019
0.4265001
0.4282636
0.4295912
0.4304723
0.430889
0.430818
0.4302349
0.4291203
0.4274665
0.4252864
0.4226212
0.4195474
0.4161794
0.4126676
0.4091892
0.4059341
0.4030874
0.4008129
0.399239
0.3984522
0.3984944
0.3993657
0.401029
0.403415
0.4064278
0.40995
0.4138485
0.4179796
0.4221965
0.4263565
0.4303303
0.4340123
0.4373307
0.4402571
0.4428136
0.4450757
0.44717
0.4492656
0.4515614
0.4542687
0.4575949
0.4617279
0.4668247
0.4730049
0.4803454
0.4888747
0.4985623
0.5092991
0.5208683
0.5329148
0.544933
0.556301
0.5663807
0.5746599
0.5808721
0.585028
0.5873543
0.5881896
0.5878922
0.5867858
0.5851379
0.5831591
0.581011
0.5788158
0.5766657
0.5746316
0.5727695
0.5711273
0.5697502
0.5686863
0.5679922
0.5677387
0.5680163
0.5689402
0.5706539
0.57333
0.5771646
0.582364
0.5891193
0.5975665
0.6077396
0.6195271
0.6326601
0.6467533
0.6613944
0.6762401
0.6910597
0.7057131
0.7200937
0.7340842
0.7475379
0.7602815
0.7721251
0.782874
0.7923407
0.8003563
0.8067815
0.811516
0.8145054
0.8157457
0.8152839
0.813216
0.8096811
0.8048535
0.798934
0.7921388
0.7846908
0.77681
0.7687071
0.7605776
0.7525992
0.7449296
0.7377071
0.7310518
0.7250674
0.7198441
0.7154613
0.7119899
0.7094955
0.7080393
0.7076801
0.7084741
0.7104743
0.7137293
0.7182807
0.7241607
0.7313891
0.7399712
0.7498954
0.7611319
0.7736316
0.7873235
0.8021131
0.8178786
0.8344674
0.851692
0.8693276
0.8871104
0.9047395
0.9218815
0.9381786
0.9532607
0.9667606
0.9783303
0.9876594
0.9944917
0.9986406
1
0.9985513
0.9943646
0.9875951
0.9784736
0.9672936
0.9543948
0.9401449
0.9249214
0.9090949
0.8930144
0.876997
0.8613203
0.8462194
0.8318872
0.8184765
0.8061052
0.7948612
0.7848085
0.7759923
0.7684446
0.7621875
0.7572371
0.7536053
0.7513013
0.7503314
0.750699
0.7524024
0.7554333
0.7597736
0.7653934
0.7722474
0.7802728
0.7893867
0.7994837
0.8104338
0.8220803
0.8342384
0.8466944
0.8592061
0.8715051
0.8833013
0.8942898
0.9041608
0.9126115
0.9193592
0.9241559
0.926802
0.927158
0.9251538
0.9207941
0.9141586
0.9053981
0.8947263
0.8824067
0.8687382
0.8540383
0.838627
0.8228127
0.8068799
0.7910811
0.7756318
0.7607093
0.7464536
0.7329708
0.7203373
0.7086044
0.697803
0.6879483
0.6790436
0.6710837
0.6640582
0.6579539
0.6527574
0.6484563
0.645041
0.642505
0.6408444
0.640057
0.6401391
0.6410824
0.642869
0.6454662
0.648822
0.6528603
0.6574803
0.662556
0.6679403
0.6734701
0.6789719
0.6842686
0.6891845
0.6935507
0.6972091
0.7000177
0.7018548
0.7026238
0.7022572
0.7007202
0.6980121
0.6941666
0.6892499
0.6833576
0.6766098
0.6691454
0.6611159
0.6526798
0.6439968
0.6352234
0.6265086
0.6179907
0.6097944
0.6020276
0.5947788
0.5881142
0.5820757
0.5766795
0.5719161
0.5677527
0.5641372
0.5610041
0.558281
0.5558958
0.5537823
0.5518848
0.55016
0.5485771
0.5471164
0.5457662
0.5445197
0.5433719
0.5423173
0.5413486
0.5404565
0.5396304
0.5388597
0.5381352
0.5374504
0.5368019
0.536189
0.5356132
0.5350763
0.5345789
0.5341194
0.5336928
0.5332911
0.5329048
0.5325244
0.532143
0.5317578
0.5313714
0.53099
0.53062
0.5302616
0.5298988
0.5294883
0.528946
0.5281347
0.5268519
0.5248216
0.5216886
0.5170166
0.5102894
0.5009185
0.4882721
0.4717634
0.4510775
0.426623
0.4001024
0.3745464
0.3529947
0.3366678
0.3248063
0.3160399
0.3093808
0.3043401
0.3007176
0.2984233
0.2973898
0.2975389
0.2987729
0.3009744
0.3040105
0.3077378
0.3120073
0.3166703
0.3215818
0.3266046
0.3316114
0.3364857
0.3411229
0.3454286
0.3493183
0.3527147
0.3555461
0.3577431
0.359237
0.3599571
0.3598292
0.3587758
0.3567167
0.3535724
0.3492686
0.3437433
0.3369537
0.3288829
0.319543
0.3089758
0.2972482
0.2844471
0.2706743
0.2560447
0.2406885
0.2247547
0.2084167
0.1918755
0.175362
0.1591357
0.1434805
0.1286973
0.1150929
0.1029669
0.0925971
0.08422407
0.07803749
0.07416441
0.07266134
0.07351058
0.07662118
0.08183455
0.08893394
0.09765706
0.1077104
0.1187844
0.1305674
0.1427581
0.1550756
0.1672663
0.1791074
0.1904084
0.20101
0.2107812
0.2196158
0.2274281
0.2341486
0.2397202
0.2440947
0.2472303
0.2490897
0.2496391
0.2488483
0.2466913
0.243148
0.2382062
0.2318639
0.2241324
0.2150379
0.2046254
0.1929601
0.1801316
0.1662563
0.1514813
0.1359873
0.1199916
0.1037491
0.08755111
0.07172226
0.05661301
0.04258963
0.03002069
0.0192613
0.01063592
0.004421241
0.0008303805
0
0.001981448
0.006736856
0.01414063
0.02398632
0.03599829
0.04984732
0.06516863
0.08158096
0.09870489
0.1161791
0.1336733
0.150897
0.1676046
0.1835962
0.1987154
0.2128449
0.2259012
0.237828
0.2485905
0.2581698
0.2665581
0.2737547
0.2797631
0.2845888
0.2882382
0.2907181
0.2920364
0.2922035
0.291235
0.2891541
0.2859952
0.2818067
0.2766546
0.2706235
0.2638188
0.2563667
0.248414
0.2401275
0.2316924
0.2233106
0.2151973
0.2075772
0.2006784
0.1947254
0.1899305
0.1864845
0.1845472
0.1842387
0.1856321
0.1887486
0.193556
0.1999701
0.2078595
0.2170534
0.2273516
0.2385354
0.2503788
0.262659
0.2751644
0.2877017
0.3000993
0.3122102
0.3239117
0.3351049
0.3457134
0.3556812
0.3649708
0.3735616
0.3814475
0.3886355
0.3951436
0.400998
0.406231
0.4108785
0.4149769
0.4185608
0.421661
0.4243019
0.4265001
0.4282636
0.4295912
0.4304723
0.430889
0.430818
0.4302349
0.4291203
0.4274665
0.4252864
0.4226212
0.4195474
0.4161794
0.4126676
0.4091892
0.4059341
0.4030874
0.4008129
0.399239
0.3984522
0.3984944
0.3993657
0.401029
0.403415
0.4064278
0.40995
0.4138485
0.4179796
0.4221965
0.4263565
0.4303303
0.4340123
0.4373307
0.4402571
0.4428136
0.4450757
0.44717
0.4492656
0.4515614
0.4542687
0.4575949
0.4617279
0.4668247
0.4730049
0.4803454
0.4888747
0.4985623
0.5092991
0.5208683
0.5329148
0.544933
0.556301
0.5663807
0.5746599
0.5808721
0.585028
0.5873543
0.5881896
0.5878922
0.5867858
0.5851379
0.5831591
0.581011
0.5788158
0.5766657
0.5746316
0.5727695
0.5711273
0.5697502
0.5686863
0.5679922
0.5677387
0.5680163
0.5689402
0.5706539
0.57333
0.5771646
0.582364
0.5891193
0.5975665
0.6077396
0.6195271
0.6326601
0.6467533
0.6613944
0.6762401
0.6910597
0.7057131
0.7200937
0.7340842
0.7475379
0.7602815
0.7721251
0.782874
0.7923407
0.8003563
0.8067815
0.811516
0.8145054
0.8157457
0.8152839
0.813216
0.8096811
0.8048535
0.798934
0.7921388
0.7846908
0.77681
0.7687071
0.7605776
0.7525992
0.7449296
0.7377071
0.7310518
0.7250674
0.7198441
0.7154613
0.7119899
0.7094955
0.7080393
0.7076801
0.7084741
0.7104743
0.7137293
0.7182807
0.7241607
0.7313891
0.7399712
0.7498954
0.7611319
0.7736316
0.7873235
0.8021131
0.8178786
0.8344674
0.851692
0.8693276
0.8871104
0.9047395
0.9218815
0.9381786
0.9532607
0.9667606
0.9783303
0.9876594
0.9944917
0.9986406
1
0.9985513
0.9943646
0.9875951
0.9784736
0.9672936
0.9543948
0.9401449
0.9249214
0.9090949
0.8930144
0.876997
0.8613203
0.8462194
0.8318872
0.8184765
0.8061052
0.7948612
0.7848085
0.7759923
0.7684446
0.7621875
0.7572371
0.7536053
0.7513013
0.7503314
0.750699
0.7524024
0.7554333
0.7597736
0.7653934
0.7722474
0.7802728
0.7893867
0.7994837
0.8104338
0.8220803
0.8342384
0.8466944
0.8592061
0.8715051
0.8833013
0.8942898
0.9041608
0.9126115
0.9193592
0.9241559
0.926802
0.927158
0.9251538
0.9207941
0.9141586
0.9053981
0.8947263
0.8824067
0.8687382
0.8540383
0.838627
0.8228127
0.8068799
0.7910811
0.7756318
0.7607093
0.7464536
0.7329708
0.7203373
0.7086044
0.697803
0.6879483
0.6790436
0.6710837
0.6640582
0.6579539
0.6527574
0.6484563
0.645041
0.642505
0.6408444
0.640057
0.6401391
0.6410824
0.642869
0.6454662
0.648822
0.6528603
0.6574803
0.662556
0.6679403
0.6734701
0.6789719
0.6842686
0.6891845
0.6935507
0.6972091
0.7000177
0.7018548
0.7026238
0.7022572
0.7007202
0.6980121
0.6941666
0.6892499
0.6833576
0.6766098
0.6691454
0.6611159
0.6526798
0.6439968
0.6352234
0.6265086
0.6179907
0.6097944
0.6020276
0.5947788
0.5881142
0.5820757
0.5766795
0.5719161
0.5677527
0.5641372
0.5610041
0.558281
0.5558958
0.5537823
0.5518848
0.55016
0.5485771
0.5471164
0.5457662
0.5445197
0.5433719
0.5423173
0.5413486
0.5404565
0.5396304
0.5388597
0.5381352
0.5374504
0.5368019
0.536189
0.5356132
0.5350763
0.5345789
0.5341194
0.5336928
0.5332911
0.5329048
0.5325244
0.532143
0.5317578
0.5313714
0.53099
0.53062
0.5302616
0.5298988
0.5294883
0.528946
0.5281347
0.5268519
0.5248216
0.5216886
0.5170166
0.5102894
0.5009185
0.4882721
0.4717634
0.4510775
0.426623
0.4001024
0.3745464
0.3529947
0.3366678
0.3248063
0.3160399
0.3093808
0.3043401
0.3007176
0.2984233
0.2973898
0.2975389
0.2987729
0.3009744
0.3040105
0.3077378
0.3120073
0.3166703
0.3215818
0.3266046
0.3316114
0.3364857
0.3411229
0.3454286
0.3493183
0.3527147
0.3555461
0.3577431
0.359237
0.3599571
0.3598292
0.3587758
0.3567167
0.3535724
0.3492686
0.3437433
0.3369537
0.3288829
0.319543
0.3089758
0.2972482
0.2844471
0.2706743
0.2560447
0.2406885
0.2247547
0.2084167
0.1918755
0.175362
0.1591357
0.1434805
0.1286973
0.1150929
0.1029669
0.0925971
0.08422407
0.07803749
0.07416441
0.07266134
0.07351058
0.07662118
0.08183455
0.08893394
0.09765706
0.1077104
0.1187844
0.1305674
0.1427581
0.1550756
0.1672663
0.1791074
0.1904084
0.20101
0.2107812
0.2196158
0.2274281
0.2341486
0.2397202
0.2440947
0.2472303
0.2490897
0.2496391
0.2488483
0.2466913
0.243148
0.2382062
0.2318639
0.2241324
0.2150379
0.2046254
0.1929601
0.1801316
0.1662563
0.1514813
0.1359873
0.1199916
0.1037491
0.08755111
0.07172226
0.05661301
0.04258963
0.03002069
0.0192613
0.01063592
0.004421241
0.0008303805
0
0.001981448
0.006736856
0.01414063
0.02398632
0.03599829
0.04984732
0.06516863
0.08158096
0.09870489
0.1161791
0.1336733
0.150897
0.1676046
0.1835962
0.1987154
0.2128449
0.2259012
0.237828
0.2485905
0.2581698
0.2665581
0.2737547
0.2797631
0.2845888
0.2882382
0.2907181
0.2920364
0.2922035
0.291235
0.2891541
0.2859952
0.2818067
0.2766546
0.2706235
0.2638188
0.2563667
0.248414
0.2401275
0.2316924
0.2233106
0.2151973
0.2075772
0.2006784
0.1947254
0.1899305
0.1864845
0.1845472
0.1842387
0.1856321
0.1887486
0.193556
0.1999701
0.2078595
0.2170534
0.2273516
0.2385354
0.2503788
0.262659
0.2751644
0.2877017
0.3000993
0.3122102
0.3239117
0.3351049
0.3457134
0.3556812
0.3649708
0.3735616
0.3814475
0.3886355
0.3951436
0.400998
0.406231
0.4108785
0.4149769
0.4185608
0.421661
0.4243019
0.4265001
0.4282636
0.4295912
0.4304723
0.430889
0.430818
0.4302349
0.4291203
0.4274665
0.4252864
0.4226212
0.4195474
0.4161794
0.4126676
0.4091892
0.4059341
0.4030874
0.4008129
0.399239
0.3984522
0.3984944
0.3993657
0.401029
0.403415
0.4064278
0.40995
0.4138485
0.4179796
0.4221965
0.4263565
0.4303303
0.4340123
0.4373307
0.4402571
0.4428136
