0
0.5852738
3.377424
4.647785
3.142827
1.149172
0.5642484
0.4280178
0.3616474
0.3259199
0.4976986
1.272367
1.732958
0.9958931
0.5105946
0.2019318
-2.312006
-6.756588
-7.371319
-4.121209
-1.089394
-0.515057
-0.3881389
-0.2339592
-0.1828265
-0.1769131
-0.2105352
-0.304961
-0.2979419
-0.256766
0.6193539
4.435639
7.44103
6.524233
2.655783
0.5328553
0.4044186
-0.215422
-1.45299
-1.340498
-0.6823488
-0.4716776
-0.385738
-0.335807
-0.3708196
-1.186232
-3.429986
-4.644272
-3.147259
-0.8738745
-0.4954902
0.1874529
3.12257
4.666025
3.142094
1.149227
0.5642451
0.4280165
0.3616466
0.3259194
0.4976983
1.272367
1.732958
0.9958931
0.5105946
0.2019318
-2.312006
-6.756588
-7.371319
-4.121209
-1.089394
-0.515057
-0.3881389
-0.2339592
-0.1828265
-0.1769131
-0.2105352
-0.304961
-0.2979419
-0.256766
0.6193539
4.435639
7.44103
6.524233
2.655783
0.5328553
0.4044186
-0.215422
-1.45299
-1.340498
-0.6823488
-0.4716776
-0.385738
-0.335807
-0.3708196
-1.186232
-3.429986
-4.644272
-3.147259
-0.8738745
-0.4954902
0.1874529
3.12257
4.666025
3.142094
1.149227
0.5642451
0.4280165
0.3616466
0.3259194
0.4976983
1.272367
1.732958
0.9958931
0.5105946
0.2019318
-2.312006
-6.756588
-7.371319
-4.121209
-1.089394
-0.515057
-0.3881389
-0.2339592
-0.1828265
-0.1769131
-0.2105352
-0.304961
-0.2979419
-0.256766
0.6193539
4.435639
7.44103
6.524233
2.655783
0.5328553
0.4044186
-0.215422
-1.45299
-1.340498
-0.6823488
-0.4716776
-0.385738
-0.335807
-0.3708196
-1.186232
-3.429986
-4.644272
-3.147259
-0.8738745
-0.4954902
0.1874529
3.12257
4.666025
3.142094
1.149227
0.5642451
0.4280165
0.3616466
0.3259194
0.4976983
1.272367
1.732958
0.9958931
0.5105946
0.2019318
-2.312006
-6.756588
-7.371319
-4.121209
-1.089394
-0.515057
-0.3881389
-0.2339592
-0.1828265
-0.1769131
-0.2105352
-0.304961
-0.2979419
-0.256766
0.6193539
4.435639
7.44103
6.524233
2.655783
0.5328553
0.4044186
-0.215422
-1.45299
-1.340498
-0.6823488
-0.4716776
-0.385738
-0.335807
-0.3708196
-1.186232
-3.429986
-4.644272
-3.147259
-0.8738745
-0.4954902
0.1874529
3.12257
4.666025
3.142094
1.149227
0.5642451
0.4280165
0.3616466
0.3259194
0.4976983
1.272367
1.732958
0.9958931
0.5105946
0.2019318
-2.312006
-6.756588
-7.371319
-4.121209
-1.089394
-0.515057
-0.3881389
-0.2339592
-0.1828265
-0.1769131
-0.2105352
-0.304961
-0.2979419
-0.256766
0.6193539
4.435639
7.44103
6.524233
2.655783
0.5328553
0.4044186
-0.215422
-1.45299
-1.340498
-0.6823488
-0.4716776
-0.385738
-0.335807
-0.3708196
-1.186232
-3.429986
-4.644272
-3.147259
-0.8738745
-0.4954902
0.1874529
3.12257
4.666025
3.142094
1.149227
0.5642451
0.4280165
0.3616466
0.3259194
0.4976983
1.272367
1.732958
0.9958931
0.5105946
0.2019318
-2.312006
-6.756588
-7.371319
-4.121209
-1.089394
-0.515057
-0.3881389
-0.2339592
-0.1828265
-0.1769131
-0.2105352
-0.304961
-0.2979419
-0.256766
0.6193539
4.435639
7.44103
6.524233
2.655783
0.5328553
0.4044186
-0.215422
-1.45299
-1.340498
-0.6823488
-0.4716776
-0.385738
-0.335807
-0.3708196
-1.186232
-3.429986
-4.644272
-3.147259
-0.8738745
-0.4954902
0.1874529
3.12257
4.666025
3.142094
1.149227
0.5642451
0.4280165
0.3616466
0.3259194
0.4976983
1.272367
1.732958
0.9958931
0.5105946
0.2019318
-2.312006
-6.756588
-7.371319
-4.121209
-1.089394
-0.515057
-0.3881389
-0.2339592
-0.1828265
-0.1769131
-0.2105352
-0.304961
-0.2979419
-0.256766
0.6193539
4.435639
7.44103
6.524233
2.655783
0.5328553
0.4044186
-0.215422
-1.45299
-1.340498
-0.6823488
-0.4716776
-0.385738
-0.335807
-0.3708196
-1.186232
-3.429986
-4.644272
-3.147259
-0.8738745
-0.4954902
0.1874529
3.12257
4.666025
3.142094
1.149227
0.5642451
0.4280165
0.3616466
0.3259194
0.4976983
1.272367
1.732958
0.9958931
0.5105946
0.2019318
-2.312006
-6.756588
-7.371319
-4.121209
-1.089394
-0.515057
-0.3881389
-0.2339592
-0.1828265
-0.1769131
-0.2105352
-0.304961
-0.2979419
-0.256766
0.6193539
4.435639
7.44103
6.524233
2.655783
0.5328553
0.4044186
-0.215422
-1.45299
-1.340498
-0.6823488
-0.4716776
-0.385738
-0.335807
-0.3708196
-1.186232
-3.429986
-4.644272
-3.147259
-0.8738745
-0.4954902
0.1874529
3.12257
4.666025
3.142094
1.149227
0.5642451
0.4280165
0.3616466
0.3259194
0.4976983
1.272367
1.732958
0.9958931
0.5105946
0.2019318
-2.312006
-6.756588
-7.371319
-4.121209
-1.089394
-0.515057
-0.3881389
-0.2339592
-0.1828265
-0.1769131
-0.2105352
-0.304961
-0.2979419
-0.256766
0.6193539
4.435639
7.44103
6.524233
2.655783
0.5328553
0.4044186
-0.215422
-1.45299
-1.340498
-0.6823488
-0.4716776
-0.385738
-0.335807
-0.3708196
-1.186232
-3.429986
-4.644272
-3.147259
-0.8738745
-0.4954902
0.1874529
3.12257
4.666025
3.142094
1.149227
0.5642451
0.4280165
0.3616466
0.3259194
0.4976983
1.272367
1.732958
0.9958931
0.5105946
0.2019318
-2.312006
-6.756588
-7.371319
-4.121209
-1.089394
-0.515057
-0.3881389
-0.2339592
-0.1828265
-0.1769131
-0.2105352
-0.304961
-0.2979419
-0.256766
0.6193539
4.435639
7.44103
6.524233
2.655783
0.5328553
0.4044186
-0.215422
-1.45299
-1.340498
-0.6823488
-0.4716776
-0.385738
-0.335807
-0.3708196
-1.186232
-3.429986
-4.644272
-3.147259
-0.8738745
-0.4954902
