0
0.9905923
0.3095986
0.1213778
-0.9902663
-0.3556875
-0.2036771
0.9121281
0.4313136
0.2521838
-0.7650899
-0.5365894
-0.2748754
0.5730066
0.6643773
0.2812429
-0.3662028
-0.7987837
-0.2817083
0.172047
0.915874
0.2870597
-0.008929652
-0.9881433
-0.3075994
-0.1149694
0.9925621
0.3519738
0.1995944
-0.9192126
-0.4256862
-0.2499999
0.7759028
0.5292323
0.2740394
-0.585763
-0.6559847
-0.2811292
0.3790065
0.790609
0.2816477
-0.1834124
-0.9095855
-0.2863814
0.01801523
0.9854247
0.3056943
0.108406
-0.9945479
-0.3483763
-0.195377
0.9260184
0.4201777
0.2477124
-0.7865302
-0.5219687
-0.2731368
0.5984555
0.6476258
0.2809896
-0.391857
-0.7823746
-0.2816036
0.1948994
0.9031272
0.2857606
-0.02725586
-0.9824412
-0.3038816
-0.1016868
0.9962241
0.3448942
0.1910235
-0.9325416
-0.4147887
-0.2453193
0.7969652
0.5148012
0.2721652
-0.6110764
-0.6393052
-0.2808217
0.404748
0.7740872
0.2815735
-0.2065044
-0.896506
-0.2851949
0.03665053
0.9791974
0.3021592
0.09481098
-0.9975917
-0.3415265
-0.1865321
0.9387783
0.4095196
0.2428185
-0.8072008
-0.5077324
-0.2711222
0.623618
0.6310277
0.2806226
-0.4176736
-0.7657531
-0.2815547
0.2182238
0.8897286
0.2846817
-0.04619809
-0.9756985
-0.3005253
-0.08777809
0.9986515
0.3382722
0.1819012
-0.9447251
-0.4043708
-0.2402077
0.8172302
0.5007644
0.2700054
-0.6360726
-0.6227977
-0.2803899
0.4306274
0.7573788
0.2815446
-0.230054
-0.8828021
-0.2842187
0.05589727
0.9719495
0.2989778
0.0805876
-0.9994051
-0.3351301
-0.1771294
0.9503786
0.3993426
0.237485
-0.8270468
-0.4938994
-0.2688124
0.6484324
0.6146198
0.2801209
-0.4436029
-0.7489708
-0.2815404
0.2419909
0.8757334
0.2838032
-0.06574664
-0.9679559
-0.2975148
-0.07323907
0.9998539
0.332099
0.1722151
-0.9557361
-0.394435
-0.2346483
0.8366438
0.4871394
0.2675408
-0.6606898
-0.6064981
-0.2798131
0.4565935
0.7405351
0.2815395
-0.2540304
-0.8685294
-0.2834329
0.07574466
0.9637232
0.2961342
0.0657322
-1
-0.3291778
-0.1671569
0.9607946
0.3896481
0.2316956
-0.8460151
-0.4804863
-0.2661883
0.672837
0.5984367
0.2794639
-0.4695927
-0.7320779
-0.2815393
0.2661684
0.8611972
0.2831052
-0.08588962
-0.959257
-0.2948339
-0.05806675
0.9998454
0.326365
0.1619534
-0.9655519
-0.384982
-0.2286248
0.8551544
0.4739419
0.2647524
-0.6848663
-0.5904397
-0.2790706
0.4825935
0.7236053
0.2815371
-0.2784003
-0.8537437
-0.2828175
0.09617967
0.9545633
0.2936117
0.05024257
-0.9993927
-0.3236595
-0.1566033
0.9700057
0.3804364
0.2254341
-0.8640557
-0.4675078
-0.263231
0.69677
0.5825108
0.2786308
-0.4955889
-0.7151233
-0.2815303
0.2907215
0.8461758
0.2825673
-0.1066128
-0.9496479
-0.2924654
-0.04225964
0.9986445
0.3210596
0.1511053
-0.9741544
-0.376011
-0.2221214
0.8727131
0.4611854
0.2616216
-0.7085403
-0.5746537
-0.2781419
0.5085721
0.7066375
0.2815161
-0.3031273
-0.8385006
-0.282352
0.1171869
0.9445171
0.2913929
0.03411802
-0.9976038
-0.3185639
-0.1454582
0.9779962
0.3717057
0.2186849
-0.881121
-0.4549762
-0.259922
0.7201697
0.5668719
0.2776014
-0.5215358
-0.6981537
-0.281492
0.3156127
0.830725
0.282169
-0.1278997
-0.9391771
-0.2903919
-0.0258179
0.9962739
0.3161709
0.1396608
-0.98153
-0.3675199
-0.2151227
0.889274
0.4488814
0.25813
-0.7316506
-0.5591689
-0.2770067
0.5344728
0.6896776
0.2814552
-0.3281726
-0.8228559
-0.2820157
0.1387486
0.9336341
0.2894602
0.01735954
-0.9946582
-0.313879
-0.133712
0.9847547
0.3634532
0.2114329
-0.8971669
-0.4429021
-0.2562432
0.7429754
0.5515479
0.2763553
-0.5473758
-0.6812145
-0.2814031
0.3408019
0.8149001
0.2818896
-0.1497311
-0.9278947
-0.2885954
-0.008743356
0.9927603
0.3116864
0.1276108
-0.9876697
-0.359505
-0.2076137
0.9047947
0.4370394
0.2542594
-0.7541367
-0.544012
-0.2756448
0.5602374
0.6727698
0.2813331
-0.3534949
-0.8068646
-0.2817879
0.1608443
0.9219654
0.2877952
-3.014526e-05
-0.9905844
-0.3095916
-0.1213562
0.9902747
0.3556746
0.2036634
-0.9121527
-0.4312942
-0.2521765
0.7651271
0.5365642
0.2748727
-0.5730501
-0.6643487
-0.2812425
0.3662463
0.798756
0.2817081
-0.1720855
-0.9158529
-0.2870573
0.00896033
0.9881345
0.3075927
0.1149474
-0.9925694
-0.3519613
-0.1995802
0.9192362
0.4256672
0.2499923
-0.7759393
-0.5292074
-0.2740364
0.5858064
0.6559562
0.2811287
-0.3790502
-0.7905811
-0.2816475
0.1834513
0.9095638
0.2863792
-0.01804644
-0.985415
-0.305688
-0.1083834
0.9945541
0.3483643
0.1953625
-0.9260411
-0.4201591
-0.2477045
0.7865661
0.5219441
0.2731336
-0.5984986
-0.6475974
-0.2809891
0.3919008
0.7823465
0.2816035
-0.1949387
-0.9031049
-0.2857586
0.0272876
0.9824306
0.3038755
0.1016636
-0.9962293
-0.3448825
-0.1910084
0.9325633
0.4147705
0.245311
-0.7970004
-0.514777
-0.2721618
0.6111193
0.6392769
0.280821
-0.404792
-0.7740589
-0.2815735
0.2065441
0.8964831
0.285193
-0.03668279
-0.9791859
-0.3021535
-0.09478729
0.9975958
0.3415152
0.1865165
-0.9387991
-0.4095019
-0.2428098
0.8072354
0.5077085
0.2711186
-0.6236606
-0.6309996
-0.2806219
0.4177177
0.7657246
0.2815547
-0.2182639
-0.8897053
-0.2846801
0.04623086
0.9756861
0.3005199
0.08775387
-0.9986546
-0.3382613
-0.1818852
0.9447448
0.4043535
0.2401986
-0.817264
-0.5007408
-0.2700015
0.6361148
0.6227698
0.2803891
-0.4306715
-0.7573503
-0.2815445
0.2300945
0.8827783
0.2842172
-0.05593056
-0.9719363
-0.2989727
-0.08056284
0.9994071
0.3351195
0.1771129
-0.9503974
-0.3993256
-0.2374755
0.8270798
0.4938762
0.2688082
-0.6484743
