0
0.9432535
0.9468177
0.4086808
-0.9618886
-0.9673066
-0.7309809
0.9906812
0.9899512
0.9229846
-0.9965882
-0.9999902
-0.9951186
0.9306509
0.9910703
0.9921729
-0.7469503
-0.9688324
-0.9636271
0.4320933
0.947727
0.9437926
-0.02655023
-0.9428069
-0.9459777
-0.3849153
0.9601969
0.9657892
0.714483
-0.9891059
-0.9887799
-0.9148383
0.9977766
0.9999119
0.9933546
-0.9378463
-0.9921342
-0.9935701
0.7623883
0.9703624
0.9654069
-0.4551354
-0.9487026
-0.9444237
0.0530762
0.9424531
0.9452098
0.3608152
-0.9585574
-0.9642844
-0.6974608
0.9874576
0.9875595
0.9062036
-0.9986971
-0.9997555
-0.9912831
0.9445799
0.9931403
0.9948618
-0.7772925
-0.9718924
-0.967222
0.4777904
0.9497412
0.9451459
-0.07955371
-0.9421922
-0.944517
-0.3363992
0.956975
0.9627964
0.6799193
-0.9857464
-0.9862931
-0.8970729
0.9993628
0.9995214
0.988891
-0.9508619
-0.9940857
-0.9960365
0.7916615
0.9734182
0.969066
-0.5000425
-0.9508394
-0.9459581
0.1059587
0.9420238
0.9439018
0.3116871
-0.9554543
-0.9613293
-0.6618645
0.9839824
0.9849841
0.8874389
-0.999787
-0.9992102
-0.9861652
0.9567024
0.9949682
0.9970827
-0.805495
-0.9749357
-0.9709322
0.5218764
0.9519938
0.9468588
-0.1322671
-0.9419477
-0.9433666
-0.2866989
0.9539996
0.9598874
0.6433032
-0.9821753
-0.983636
-0.877295
0.9999828
0.9988227
0.9830929
-0.9621123
-0.9957855
-0.9979885
0.8187934
0.9764407
0.9728138
-0.5432781
-0.9532008
-0.9478463
0.1584553
0.9419629
0.9429137
0.2614557
-0.9526149
-0.9584747
-0.6242432
0.9803343
0.9822522
0.8666356
-0.999963
-0.9983599
-0.9796613
0.9671028
0.9965353
0.9987418
-0.8315578
-0.9779294
-0.9747032
0.5642342
0.9544566
0.9489187
-0.1844999
-0.9420686
-0.9425451
-0.2359787
0.9513037
0.9570952
0.6046933
-0.9784685
-0.9808365
-0.8554553
0.9997408
0.9978231
0.9758579
-0.9716852
-0.9972157
-0.9993304
0.8437905
0.9793975
0.9765929
-0.5847323
-0.9557576
-0.9500735
0.2103777
0.9422635
0.9422627
0.2102898
-0.9500694
-0.9557531
-0.5846633
0.9765865
0.9793926
0.8437497
-0.9993287
-0.9972135
-0.9716703
0.9758715
0.997825
0.9997419
-0.8554942
-0.9808414
-0.9784749
0.6047607
0.9570999
0.951308
-0.2360658
-0.9425462
-0.9420681
-0.1844115
0.9489149
0.9544523
0.5641636
-0.9746968
-0.9779243
-0.8315153
0.9987395
0.9965328
0.9670865
-0.9796736
-0.9983616
-0.9999635
0.8666728
0.982257
0.9803406
-0.6243089
-0.9584794
-0.9526195
0.2615421
0.9429151
0.9419627
0.1583664
-0.9478428
-0.9531966
-0.543206
0.9728074
0.9764356
0.818749
-0.9979857
-0.9957828
-0.9620946
0.9831039
0.9988241
0.9999825
-0.8773305
-0.9836406
-0.9821815
0.6433672
0.9598922
0.9540045
-0.2867845
-0.9433683
-0.9419478
-0.1321777
0.9468556
0.9519898
0.5218028
-0.9709259
-0.9749305
-0.8054488
0.9970794
0.9949654
0.9566833
-0.9861751
-0.9992114
-0.999786
0.8874725
0.9849887
0.9839885
-0.6619268
-0.9613343
-0.9554594
0.3117717
0.9439038
0.9420243
0.1058689
-0.9459552
-0.9508355
-0.4999674
0.9690596
0.973413
0.7916135
-0.9960327
-0.9940826
-0.9508412
0.9888997
0.9995223
0.999361
-0.8971048
-0.9862975
-0.9857523
0.67998
0.9628014
0.9569803
-0.3364829
-0.9445193
-0.9421929
-0.07946365
0.9451433
0.9497375
0.477714
-0.9672157
-0.9718872
-0.7772426
0.9948576
0.9931369
0.9445578
-0.9912907
-0.9997562
-0.9986944
0.9062339
0.9875637
0.9874633
-0.6975197
-0.9642895
-0.9585629
0.3608978
0.9452123
0.9424541
0.05298593
-0.9444214
-0.9486992
-0.4550576
0.9654008
0.9703572
0.7623366
-0.9935655
-0.9921307
-0.9378225
0.9933611
0.9999123
0.997773
-0.9148668
-0.988784
-0.9891114
0.7145401
0.9657944
0.9602026
-0.3849968
-0.9459804
-0.9428082
-0.02645984
0.9437906
0.9477238
0.4320142
-0.9636211
-0.9688272
-0.7468969
0.992168
0.9910666
0.9306256
-0.9951241
-0.9999903
-0.9965836
0.9230115
0.9899551
0.9906864
-0.7310361
-0.9673118
-0.9618944
0.4087611
0.9468207
0.9432551
-9.043306e-05
-0.9432518
-0.9468147
-0.4086004
0.9618827
0.9673015
0.7309256
-0.990676
-0.9899473
-0.9229577
0.9965927
0.9999901
0.9951131
-0.9306762
-0.991074
-0.9921778
0.7470038
0.9688376
0.9636331
-0.4321724
-0.9477303
-0.9437946
0.02664062
0.9428055
0.9459749
0.3848338
-0.9601912
-0.9657841
-0.7144259
0.9891004
0.9887758
0.9148097
-0.9977802
-0.9999115
-0.9933481
0.93787
0.9921377
0.9935747
-0.76244
-0.9703676
-0.9654131
0.4552132
0.948706
0.944426
-0.05316647
-0.942452
-0.9452074
-0.3607325
0.9585519
0.9642793
0.697402
-0.9874518
-0.9875553
-0.9061734
0.9986998
0.9997548
0.9912755
-0.9446021
-0.9931436
-0.994866
0.7773423
0.9718976
0.9672282
-0.4778669
-0.9497448
-0.9451485
0.07964377
0.9421914
0.9445148
0.3363155
-0.9569697
-0.9627914
-0.6798587
0.9857405
0.9862887
0.8970409
-0.9993647
-0.9995205
-0.9888823
0.9508825
0.9940889
0.9960403
-0.7917096
-0.9734234
-0.9690723
0.5001175
0.9508432
0.945961
-0.1060484
-0.9420234
-0.9438998
-0.3116024
0.9554492
0.9613244
0.6618021
-0.9839764
-0.9849796
-0.8874052
0.9997881
0.999209
0.9861553
-0.9567216
-0.9949711
-0.997086
0.8055412
0.9749408
0.9709386
-0.5219501
-0.9519978
-0.946862
0.1323565
0.9419476
0.9433649
0.2866134
-0.9539948
-0.9598825
-0.6432391
0.9821691
0.9836313
0.8772596
-0.9999831
-0.9988212
-0.9830818
0.96213
0.9957881
0.9979913
-0.8188378
-0.9764458
-0.9728202
0.5433503
0.953205
0.9478498
-0.1585443
-0.9419631
-0.9429123
-0.2613693
0.9526103
0.9584699
0.6241774
-0.980328
-0.9822474
-0.8665984
0.9999626
0.9983582
0.979649
-0.9671191
